/*--------------------------------*- C++ -*----------------------------------*\
  =========                 |
  \\      /  F ield         | OpenFOAM: The Open Source CFD Toolbox
   \\    /   O peration     | Website:  https://openfoam.org
    \\  /    A nd           | Version:  9
     \\/     M anipulation  |
\*---------------------------------------------------------------------------*/
FoamFile
{
    format      ascii;
    class       labelList;
    note        "nPoints:10934  nCells:9750  nFaces:34717  nInternalFaces:14929";
    location    "constant/polyMesh";
    object      neighbour;
}
// * * * * * * * * * * * * * * * * * * * * * * * * * * * * * * * * * * * * * //


14929
(
1
133
476
2
134
477
3
135
478
4
136
479
5
137
480
6
138
481
139
482
5807
8
28
133
9
29
134
10
30
135
11
31
136
12
32
137
13
33
138
34
139
6047
15
21
245
16
22
246
17
23
247
18
24
248
19
25
249
20
26
250
27
251
6553
22
686
23
687
24
688
25
689
26
690
27
691
692
6518
29
35
30
36
31
37
32
38
33
39
34
40
41
6026
36
42
37
43
38
44
39
45
40
46
41
47
48
5831
43
49
44
50
45
51
46
52
47
53
48
54
55
4382
50
56
51
57
52
58
53
59
54
60
55
61
62
6043
57
63
58
64
59
65
60
66
61
67
62
68
69
6000
64
70
65
71
66
72
67
73
68
74
69
75
76
5782
71
77
72
78
73
79
74
80
75
81
76
82
83
6256
78
84
79
85
80
86
81
87
82
88
83
89
90
5974
85
91
86
92
87
93
88
94
89
95
90
96
97
5918
92
98
93
99
94
100
95
101
96
102
97
103
104
5712
99
105
100
106
101
107
102
108
103
109
104
110
111
4330
106
112
107
113
108
114
109
115
110
116
111
117
118
5817
113
119
114
120
115
121
116
122
117
123
118
124
125
4343
120
126
121
127
122
128
123
129
124
130
125
131
132
5596
127
140
128
141
129
142
130
143
131
144
132
145
146
5756
134
135
136
137
138
139
5983
141
161
142
162
143
163
144
164
145
165
146
166
167
5839
148
154
280
149
155
281
150
156
282
151
157
283
152
158
284
153
159
285
160
286
4380
155
308
156
309
157
310
158
311
159
312
160
313
314
6042
162
168
163
169
164
170
165
171
166
172
167
173
174
5872
169
175
170
176
171
177
172
178
173
179
174
180
181
5732
176
182
177
183
178
184
179
185
180
186
181
187
188
7394
183
189
184
190
185
191
186
192
187
193
188
194
195
6010
190
196
191
197
192
198
193
199
194
200
195
201
202
9421
197
203
198
204
199
205
200
206
201
207
202
208
209
5813
204
210
205
211
206
212
207
213
208
214
209
215
216
4374
211
217
212
218
213
219
214
220
215
221
216
222
223
6060
218
224
219
225
220
226
221
227
222
228
223
229
230
6014
225
231
226
232
227
233
228
234
229
235
230
236
237
5801
232
238
233
239
234
240
235
241
236
242
237
243
244
4404
239
245
240
246
241
247
242
248
243
249
244
250
251
6384
246
247
248
249
250
251
6515
253
259
679
254
260
680
255
261
681
256
262
682
257
263
683
258
264
684
265
685
5806
260
266
261
267
262
268
263
269
264
270
265
271
272
5968
267
273
268
274
269
275
270
276
271
277
272
278
279
6046
274
280
275
281
276
282
277
283
278
284
279
285
286
6021
281
282
283
284
285
286
5830
288
294
546
289
295
547
290
296
548
291
297
549
292
298
550
293
299
551
300
552
5973
295
301
296
302
297
303
298
304
299
305
300
306
307
5912
302
553
303
554
304
555
305
556
306
557
307
558
559
5710
309
315
310
316
311
317
312
318
313
319
314
320
321
6199
316
322
317
323
318
324
319
325
320
326
321
327
328
5781
323
329
324
330
325
331
326
332
327
333
328
334
335
4371
330
336
331
337
332
338
333
339
334
340
335
341
342
5975
337
343
338
344
339
345
340
346
341
347
342
348
349
5917
344
350
345
351
346
352
347
353
348
354
349
355
356
5711
351
357
352
358
353
359
354
360
355
361
356
362
363
4333
358
364
359
365
360
366
361
367
362
368
363
369
370
5818
365
371
366
372
367
373
368
374
369
375
370
376
377
4342
372
378
373
379
374
380
375
381
376
382
377
383
384
5597
379
385
380
386
381
387
382
388
383
389
384
390
391
5758
386
392
387
393
388
394
389
395
390
396
391
397
398
5840
393
399
394
400
395
401
396
402
397
403
398
404
405
5873
400
406
401
407
402
408
403
409
404
410
405
411
412
5733
407
413
408
414
409
415
410
416
411
417
412
418
419
4360
414
420
415
421
416
422
417
423
418
424
419
425
426
6011
421
427
422
428
423
429
424
430
425
431
426
432
433
4414
428
434
429
435
430
436
431
437
432
438
433
439
440
5812
435
441
436
442
437
443
438
444
439
445
440
446
447
4417
442
448
443
449
444
450
445
451
446
452
447
453
454
6379
449
455
450
456
451
457
452
458
453
459
454
460
461
6506
456
462
457
463
458
464
459
465
460
466
461
467
468
6532
463
469
464
470
465
471
466
472
467
473
468
474
475
4690
470
476
471
477
472
478
473
479
474
480
475
481
482
6358
477
478
479
480
481
482
4529
484
490
889
485
491
890
486
492
891
487
493
892
488
494
893
489
495
894
496
895
5805
491
497
492
498
493
499
494
500
495
501
496
502
503
6374
498
504
499
505
500
506
501
507
502
508
503
509
510
6045
505
511
506
512
507
513
508
514
509
515
510
516
517
6013
512
518
513
519
514
520
515
521
516
522
517
523
524
5829
519
525
520
526
521
527
522
528
523
529
524
530
531
4373
526
532
527
533
528
534
529
535
530
536
531
537
538
6041
533
539
534
540
535
541
536
542
537
543
538
544
545
5995
540
546
541
547
542
548
543
549
544
550
545
551
552
5780
547
548
549
550
551
552
4365
554
560
555
561
556
562
557
563
558
564
559
565
566
4327
561
567
562
568
563
569
564
570
565
571
566
572
573
5816
568
574
569
575
570
576
571
577
572
578
573
579
580
4338
575
581
576
582
577
583
578
584
579
585
580
586
587
5595
582
588
583
589
584
590
585
591
586
592
587
593
594
5761
589
595
590
596
591
597
592
598
593
599
594
600
601
5838
596
602
597
603
598
604
599
605
600
606
601
607
608
5871
603
609
604
610
605
611
606
612
607
613
608
614
615
5731
610
616
611
617
612
618
613
619
614
620
615
621
622
4357
617
623
618
624
619
625
620
626
621
627
622
628
629
6009
624
630
625
631
626
632
627
633
628
634
629
635
636
4410
631
637
632
638
633
639
634
640
635
641
636
642
643
5811
638
644
639
645
640
646
641
647
642
648
643
649
650
4411
645
651
646
652
647
653
648
654
649
655
650
656
657
6378
652
658
653
659
654
660
655
661
656
662
657
663
664
6504
659
665
660
666
661
667
662
668
663
669
664
670
671
6531
666
672
667
673
668
674
669
675
670
676
671
677
678
6376
673
679
674
680
675
681
676
682
677
683
678
684
685
6357
680
681
682
683
684
685
4521
687
693
688
694
689
695
690
696
691
697
692
698
699
6393
694
700
695
701
696
702
697
703
698
704
699
705
706
6210
701
707
702
708
703
709
704
710
705
711
706
712
713
5828
708
714
709
715
710
716
711
717
712
718
713
719
720
4376
715
721
716
722
717
723
718
724
719
725
720
726
727
6040
722
728
723
729
724
730
725
731
726
732
727
733
734
5992
729
735
730
736
731
737
732
738
733
739
734
740
741
5779
736
742
737
743
738
744
739
745
740
746
741
747
748
4359
743
749
744
750
745
751
746
752
747
753
748
754
755
5972
750
756
751
757
752
758
753
759
754
760
755
761
762
5996
757
763
758
764
759
765
760
766
761
767
762
768
769
5709
764
770
765
771
766
772
767
773
768
774
769
775
776
4315
771
777
772
778
773
779
774
780
775
781
776
782
783
5815
778
784
779
785
780
786
781
787
782
788
783
789
790
4307
785
791
786
792
787
793
788
794
789
795
790
796
797
5594
792
798
793
799
794
800
795
801
796
802
797
803
804
5745
799
805
800
806
801
807
802
808
803
809
804
810
811
5837
806
812
807
813
808
814
809
815
810
816
811
817
818
5863
813
819
814
820
815
821
816
822
817
823
818
824
825
5730
820
826
821
827
822
828
823
829
824
830
825
831
832
4354
827
833
828
834
829
835
830
836
831
837
832
838
839
6008
834
840
835
841
836
842
837
843
838
844
839
845
846
4409
841
847
842
848
843
849
844
850
845
851
846
852
853
5810
848
854
849
855
850
856
851
857
852
858
853
859
860
4408
855
861
856
862
857
863
858
864
859
865
860
866
867
6377
862
868
863
869
864
870
865
871
866
872
867
873
874
6503
869
875
870
876
871
877
872
878
873
879
874
880
881
6530
876
882
877
883
878
884
879
885
880
886
881
887
888
4669
883
889
884
890
885
891
886
892
887
893
888
894
895
6356
890
891
892
893
894
895
4519
1013
1361
4474
947
1248
2610
1450
7464
9749
962
1162
3705
1001
1368
6575
924
1178
9535
1233
1314
5131
936
8249
8999
922
957
2675
1157
1184
9466
986
5697
7762
1010
1734
3920
932
1353
3553
1021
2320
6145
950
1258
8360
980
1538
1743
926
1481
4248
5469
9748
959
3310
9702
999
1730
5215
1004
1402
3039
927
1233
8459
919
8539
8580
2335
3590
1030
1994
3545
1066
2038
8055
1154
7107
1009
1469
7174
1182
3922
952
1003
6365
2128
3637
2438
4932
998
2196
7599
1034
1134
2876
1037
1039
2681
1206
1621
5470
1834
5118
976
1322
8388
940
2389
2858
1088
1297
7328
3873
4781
1036
1411
3669
967
1168
3774
1254
1467
3156
6130
6509
958
1004
4028
1037
1345
9634
1223
1601
8384
1073
7534
8420
1033
1326
1912
1246
1249
2624
2035
2530
992
1211
1719
974
5556
8086
3701
4695
1044
4316
7966
1563
1998
1090
1127
2557
1424
1532
6057
1270
1807
2207
1046
1374
2383
2019
5860
991
3529
2623
8381
1038
1626
9380
1205
1663
6219
1119
8222
1280
1466
6430
1192
1236
8515
1208
1267
6405
1050
1826
5729
6371
8500
1020
1444
8065
1059
1110
8072
1060
1645
3283
1028
1733
3763
1064
1439
5261
1019
1150
2551
3530
8739
1086
1956
6682
4985
5851
1006
1978
7542
1085
1330
1724
1132
1484
9022
2072
9465
1077
4590
8282
993
1610
3217
1148
1798
7834
1000
1569
4279
1042
1603
1698
1375
1762
1104
1112
4813
1023
8517
9431
1069
1577
8688
1092
2912
3738
1041
5186
2454
7587
2838
7526
1055
1752
1920
1159
4995
5429
1310
1514
3075
1102
1543
5057
1712
3338
2777
4158
1606
6319
5993
6979
1175
4675
7856
1373
3114
6788
1008
1348
2486
7863
9401
1049
5362
9115
6650
9381
1776
4990
1080
7603
1131
1441
9642
1106
1492
9374
1105
6988
1095
1259
7448
1078
3240
5431
1097
1459
6411
1099
6826
8324
1225
1303
4227
1399
7793
2789
3447
1742
2228
1047
4688
7905
4600
5081
1442
1670
3531
1242
2065
4701
1130
1815
2664
1187
1564
5520
7041
9106
1040
1851
8182
4379
9387
1305
1313
6494
1475
4481
4577
1296
7732
1825
1991
1150
2100
3991
2147
5107
7517
8541
8907
1462
6789
1148
8217
1324
2865
2164
3083
1075
7633
8394
3077
7844
1530
1565
5035
1128
6589
1677
2739
1098
6459
9151
3443
7525
1496
3086
1364
1825
7436
1063
3173
8972
1155
1861
5950
1061
7950
9270
1848
2178
1143
1317
3167
1339
2081
8796
1079
2205
7828
3333
3764
1207
7799
2207
3806
1169
4120
7455
1294
9690
1866
4625
1141
7697
9324
8354
8398
1087
2187
5509
1377
1508
1553
4940
7430
1488
1665
6954
1297
1865
5113
1147
1859
7684
1810
8841
1156
6247
8930
3804
9603
1219
3500
5849
1235
3661
9069
9147
1748
8207
1176
3816
1251
1759
2510
1203
3281
9292
1470
1883
7691
1161
8623
9511
2241
2403
4808
5045
1487
2821
3586
9088
1283
1391
8791
1763
3975
1107
1270
1494
8784
9223
1227
5231
7208
1317
1392
2762
1316
4261
1118
2851
3502
1768
3648
1482
4187
1229
3768
1350
1744
2593
1153
1591
7502
2952
5672
1577
1647
5524
1466
9061
1263
4587
1962
3662
1200
5380
1258
2081
7140
1336
2600
3521
1181
8116
1120
1427
4544
2540
3833
1204
1720
2170
1381
2513
2907
1179
1698
8292
1190
2198
6126
1126
1266
7040
1859
4673
7869
9291
7955
9253
1519
1616
8982
1195
1240
9607
1460
1922
8104
1300
1379
3853
1396
2134
4453
1833
3577
2042
2451
1172
3561
1138
1282
8518
2027
9476
1278
7535
1589
3400
1238
1878
4384
1158
6258
1164
1654
1733
1253
1575
5220
1502
1766
2806
2589
2604
1277
7471
9201
1259
2903
7598
1935
8256
1196
5381
9407
8081
8375
1163
2031
4816
1255
2094
2793
1535
1682
1836
5680
8274
8171
1423
3189
7573
8267
1319
1655
8541
1388
2919
7962
2006
6369
2124
4545
1504
2864
4007
5047
8170
9378
1688
3634
2200
3006
1326
1422
3573
4842
5923
1187
2519
1493
2933
1863
3619
1194
4115
4188
1320
1781
2432
1257
2241
3837
1268
6632
2268
8995
1501
1589
3452
1241
2028
5770
7773
8329
1260
1302
6769
1229
2982
6397
1451
8036
7569
7591
1380
1392
2319
2690
8312
4449
7478
1186
1396
8840
3484
5957
1202
6681
1230
1777
7133
1921
4478
1306
1564
2519
1436
4405
7272
1312
2021
5696
1292
1521
2312
1900
1926
1413
1428
1582
4212
8316
1197
6629
7291
1575
7378
4986
8595
7564
8943
2030
2459
1293
2977
5243
1648
1986
6514
1585
2996
1379
1422
2947
1842
4004
6455
7365
8201
8389
2156
6345
1212
7014
9103
9108
2172
6028
1590
1612
5179
1638
1795
9356
1679
6932
1887
2088
1290
5235
5935
1307
5608
7223
1677
1685
2394
1327
1802
4234
1570
2168
2278
1560
3770
7427
1909
9437
1438
2416
2490
1244
4007
8416
1478
2773
9252
1497
8018
1407
1491
6966
1305
2381
1343
2784
7023
2229
4524
1289
4515
6694
8135
1885
2646
1521
2160
4931
1334
1505
8052
6147
1256
1947
2409
1287
8372
2779
3317
1437
1686
1793
1448
4902
1296
1625
3276
1950
3067
8407
9124
5400
8460
1247
2502
9501
4805
9643
1518
3310
5820
1498
4413
1737
3437
1535
2757
1339
4911
1996
2132
2631
8177
8560
1356
1770
9583
1542
4233
4203
5330
1884
2564
7551
8402
1623
3522
8392
7813
4610
9169
1272
2038
3454
1472
2505
8989
1962
9519
1378
3179
4642
1529
4513
6791
1318
2917
2087
5386
1488
4539
1416
2015
8628
2713
1386
1539
3225
1554
5384
1673
1913
6112
1333
1403
3195
1480
5053
7617
1389
1393
7970
6116
7933
1398
6281
1446
4040
5247
3791
9170
1348
2710
3246
5040
5287
6328
8573
1597
2041
2327
1391
1516
2458
1299
7987
8860
3568
8190
1341
2587
2625
2651
3263
1500
1880
1594
1770
8023
1541
7767
6524
8890
1471
2699
1298
1349
9347
7504
8087
4498
8635
2773
6318
7239
7994
1584
1809
6567
7871
8649
1618
4722
1573
2678
7927
4890
4159
9742
4660
8514
1358
1755
2940
1629
2063
6033
1674
5134
1338
8362
9726
2185
2395
7601
8253
4490
6426
1330
2649
5148
1389
7181
8308
1729
4436
6849
7782
2922
3694
1716
3196
5915
1735
6255
1623
1693
2407
1346
8690
1394
7200
7907
7810
5864
6819
1453
3101
8878
1740
3099
7929
1775
1337
1974
4088
1588
1970
8723
8903
9311
1427
5549
1606
2813
2969
1858
7809
1824
5303
2203
6931
9285
1554
6148
8127
4963
8454
1383
2057
2637
1769
8749
1562
1901
5076
1567
3117
5420
6824
1581
2368
5198
7695
1372
7660
4622
8694
1599
1708
7686
1705
2159
2270
1368
1949
1615
5180
7351
1390
3902
8842
1420
7958
1574
4163
6269
1584
1928
1437
7635
8748
1618
1924
6552
2567
9195
1555
1899
9596
1742
2469
4778
5474
9563
1410
2372
2765
1856
2997
4518
2257
2577
3393
2693
1387
3567
9303
1558
6421
8289
1419
2295
3750
2204
3955
1908
4680
1787
3734
1750
3526
1397
1824
2752
1940
5195
4041
7838
2743
9550
7847
8992
1417
1982
3858
2716
6512
1443
7344
8077
1486
2489
6576
1419
7901
4032
4640
7027
8829
7678
2447
9457
8610
8184
4448
4463
2089
3808
1886
3617
7594
2385
1851
2886
8477
9749
1447
8456
1694
4500
6169
1545
2200
2422
8897
9198
1418
8322
1656
3101
5570
1436
1955
2399
1489
3614
5412
1714
2612
1444
5621
7409
1786
1952
2702
7473
7713
1999
8696
1476
2254
8604
2112
2911
1517
1570
3866
1556
1893
2302
1989
9112
2112
3175
4178
8084
8158
1853
2239
1737
1778
5069
7862
4803
6524
1477
8641
1749
8638
1500
6756
8421
8063
1660
2186
1452
6513
8287
1485
6387
8677
1455
9319
9595
1888
2248
2836
1506
4052
4183
1675
2261
9138
1557
3309
9635
2954
3853
8472
9295
1968
1983
1509
4482
9670
3003
8245
1816
6880
7864
8917
8189
1613
2635
2806
2517
3565
2539
8772
1527
6784
1881
1898
2862
2455
3544
1635
6822
7789
8364
3193
5522
1948
2076
2503
2132
4594
1474
6187
7432
1511
1669
3178
1496
2353
3814
3781
8699
3633
6607
2064
2266
2544
1701
3731
1604
1699
2500
1546
4963
5350
1681
3294
3932
3965
5969
8895
1533
4606
5098
7308
9562
6163
8969
1831
2607
1559
8146
1632
3041
8335
8178
9439
2983
8227
5351
8665
1624
6141
8724
9662
1494
7819
7857
2542
8074
5062
6643
1591
5379
1832
8290
8683
1566
6937
4015
8828
7048
7821
1839
2701
6659
2602
8425
1524
3202
9026
1948
9174
1536
4716
1808
4165
3256
1941
5227
7032
7658
1536
9046
1819
2601
1600
3197
4006
5353
2406
3227
8448
8680
1919
2915
9395
1515
7765
2991
7915
7320
9412
1973
2079
3266
1860
6823
4704
8380
1727
8092
9543
1796
4981
1541
2368
2953
1989
2047
2802
7965
8247
8122
8235
2325
2393
4246
7318
6261
9695
1760
5792
1658
3662
6001
7329
1792
2148
2702
1784
2130
7971
6843
9600
1631
3911
4562
1547
1752
1915
2146
5396
1622
9022
9677
2594
2805
1753
6642
1539
4887
4937
1617
7469
2109
3988
1709
4214
5572
6898
2231
1864
2892
4325
1605
1898
7951
1636
5277
9307
8132
1595
2893
4260
9079
1643
1970
2700
2158
3813
1838
4313
2748
4070
1758
6570
8212
1653
2782
5459
1649
1998
4442
1598
2635
2782
1633
2785
8575
2090
5563
6091
2127
4746
3155
3935
8050
8607
8168
9697
1639
9488
4379
8601
1637
1869
3888
2983
7161
4525
7289
5368
1645
6723
4254
7222
1659
9473
1572
1780
3380
2917
3577
7703
1625
3562
6088
2186
2911
2326
7930
8246
8914
2283
1641
8369
8856
6706
1651
5102
6064
1719
6303
7101
1654
3763
6153
2102
3720
1583
5010
2227
2627
4875
2049
4443
1614
2101
8685
1662
2229
5994
6214
8656
8049
5844
8002
6853
2010
5797
7244
1818
1906
3003
4684
9560
2188
2481
1946
1981
2654
2092
2391
8479
8569
3253
9586
7542
8634
3262
4349
1760
5683
8817
1676
4449
1909
3566
2437
4297
4207
1954
6290
9358
1787
2052
2534
1683
2049
2136
2349
4950
1680
2050
9623
1767
5089
2284
5034
6497
9422
3078
7477
7756
9066
1672
5514
4890
1938
3589
5017
1965
2598
5079
7366
9232
2352
2750
3572
5622
8717
7237
4576
8202
1649
1944
5633
1711
3030
7964
1863
5208
1754
1923
4348
6908
9375
2352
4574
8359
9344
1947
2310
2825
1777
3388
1765
9087
4166
9114
6604
7958
2281
2583
3102
4308
7589
7931
8984
2386
4617
8107
2236
3984
1833
4530
5087
2298
1911
2353
4854
5316
9330
4762
8364
1967
1961
3223
8383
3128
5218
2218
2220
2485
2292
3969
5208
7661
9380
2812
5245
2194
4341
7858
2264
6525
2307
3414
2009
6805
1849
3292
8625
2591
4281
2248
8548
2285
2875
4743
5005
6130
2142
2205
3732
1757
4578
7939
2119
2296
6748
2113
2683
8929
9334
1678
1740
7737
3779
8237
6195
9441
1872
4926
7044
8972
3009
7533
7771
3366
5890
3654
8812
3883
8234
3218
7199
2238
6686
2129
2710
3048
3856
7347
2457
2995
3408
7623
1779
7723
8729
2258
3558
1876
2653
3330
1722
4743
9572
1890
2971
3787
1870
4291
4425
2328
2799
2009
6967
1700
3043
4933
1817
1980
2507
1958
2194
8238
9186
2411
2504
1813
7155
9250
9527
1869
3277
4128
1806
1968
1879
4590
6416
5618
9554
2467
2579
4142
1933
2037
9587
3399
6027
8030
9314
2068
2089
3002
7606
8994
1745
7576
1803
7671
9467
2357
3718
1926
3659
6555
8614
9467
2264
2605
7377
1936
6819
6900
3212
2318
2430
2369
4017
4448
7606
8948
1783
3786
9358
2948
5079
1754
1918
4824
1785
8092
8358
6866
8987
2056
2272
3243
1797
6847
1918
6836
1837
6826
8107
1829
3009
8951
6605
3079
4958
1964
2755
1769
8924
9487
7350
2080
2090
5364
1774
5765
8516
7422
1892
3582
4903
7401
1881
8349
1786
4492
2753
6457
1797
3265
5760
2376
2498
4285
2020
6177
7921
7940
3324
7896
1791
2602
7608
8925
2044
2298
5227
2559
3036
1835
3187
5102
2518
7643
3424
8149
2669
3018
4970
1992
5337
7362
2023
4809
2504
3566
1846
3143
4298
1814
8946
2687
7829
2062
4399
2290
2741
2083
9533
1963
2452
2164
8218
9664
2331
2596
5342
6617
9143
4557
5079
3090
4302
6939
2221
3678
8353
9597
2214
3368
1946
3855
1801
6593
8348
2686
9196
2224
3676
3079
7657
1939
3561
1799
7697
9276
2004
3485
7718
2330
2613
4090
5979
6890
1939
2743
3132
4769
2031
3009
3497
6061
9583
3774
4539
4748
2238
5303
3242
6629
2578
2590
2644
8334
9680
2267
4310
8284
8932
1976
2163
4966
2275
2939
9643
3625
3636
7783
7819
2304
4547
7354
9049
1931
2010
2641
2726
3441
2113
3592
6957
2372
4053
2313
5657
2232
3087
2305
3857
4075
8311
8691
8744
2673
2827
2460
4873
8755
2135
3593
5256
4628
5314
8211
2597
2816
4475
4229
6882
3100
3306
1830
8681
9716
2121
5522
7776
4816
9376
4755
8069
2720
5155
5517
8360
6655
6201
9221
3524
9017
2382
2619
2234
2834
1966
2625
2508
2993
1988
2033
2313
2294
2497
8533
2813
3630
2050
3106
4606
2058
3046
3684
2029
2778
7314
2509
2630
2304
2370
6172
3788
8169
3305
9515
2377
2719
4052
5303
2321
2976
7316
2639
3773
2234
2658
2725
2346
4583
8492
4467
8121
3201
3750
4129
3414
3825
5544
3430
9470
1877
8221
1903
3585
7403
4714
2664
6134
2147
4091
5127
6050
1889
2592
6129
2187
2840
4298
7226
2289
3745
1985
6316
7104
3327
3967
2608
2686
6315
1894
8830
9213
2067
3110
8083
9253
9524
2145
3914
6413
8047
2744
3311
1976
8134
3214
2143
3891
7593
7971
8782
2173
2745
2691
4059
8127
8934
7253
7902
2874
5054
6286
8902
7298
9605
1894
1991
7436
8083
9678
2937
3459
6887
1900
6499
8106
2933
3084
9184
1984
6880
7786
4079
3797
5979
6036
5093
5205
2144
7407
9179
6936
8602
2030
2698
2749
2281
2685
3442
2655
4025
2363
2413
6125
1977
5826
3729
2016
2334
3488
3049
3727
2792
3127
2098
5130
2723
2775
2916
9333
9477
1937
3427
3670
1983
4504
7437
8281
5040
8518
2705
2748
2139
3316
2863
9400
2181
7032
2478
4959
2182
3071
4698
9094
1995
3708
6190
2928
7903
2822
2862
6516
2078
2339
3948
3630
6681
2016
3284
4050
3155
4891
2324
3046
5459
1969
3242
8016
9659
2225
9382
2063
4714
2800
2865
3529
2522
7277
1959
2691
3941
1956
2628
7229
1978
4228
2303
4027
5737
2348
5169
8608
2137
8622
2276
4331
2110
2123
5664
3370
4435
2789
3880
7462
2716
5253
3188
3302
9443
2094
3038
7645
3783
7008
2017
2545
2798
5496
6324
2590
9112
6001
3262
4568
2721
4235
2626
4269
2931
3740
2618
3197
3657
2682
2854
8546
2603
2837
7444
2138
3927
4595
3104
3646
2238
2619
2733
3685
4230
6756
4078
4719
3197
2772
2965
3692
2341
2439
3010
4904
2911
3368
3625
8598
9334
3882
7698
7756
9045
2114
3557
7464
5518
7145
2590
2396
2900
6866
5534
2122
7709
2034
2835
4958
2884
4425
2345
3074
3178
3774
2199
2832
2978
6851
2563
5853
2206
3937
4656
2091
2266
2297
2341
4075
4632
2492
2958
8125
2359
2429
2300
2607
3173
2036
8877
2116
8216
8626
2484
5556
9564
5010
6639
2718
2980
5926
3468
4445
8661
2098
4837
7692
2317
7537
9574
4632
4730
8398
2594
7067
2192
8310
8843
4090
9529
8195
8531
8710
9585
2391
2416
6096
3736
6949
2172
3109
6775
2125
4633
7296
2722
5966
6115
3183
7520
3233
3472
2568
8094
5689
5185
3413
4490
4820
2133
8854
2075
2512
5767
7316
4199
4992
3935
9180
6148
3004
3016
6583
2913
3146
7325
8651
9152
4813
8567
2183
2678
4114
8371
9283
2638
2779
4537
3830
8005
8202
2578
4245
2462
3274
5967
6713
8593
3751
3776
3826
3344
3420
2108
2742
7759
2149
7780
8747
2651
2970
3496
3360
8963
2849
2978
2989
3956
2355
6034
8088
2165
6315
9372
2776
4713
8313
3583
4077
6486
7748
9647
8418
9246
2197
5406
7320
2950
4117
3115
5146
2140
2231
4716
2860
6075
7560
2212
4163
4180
3927
7417
2107
3865
5900
2298
3031
3064
2526
2881
2612
3801
2510
3560
5689
7541
8165
4774
9399
2278
3799
8624
2126
3042
3304
2878
3893
2180
4140
5028
2918
3051
7529
2444
3141
5242
3220
9206
2491
3122
5004
6248
2823
3054
2362
2853
2096
3538
4633
9590
2216
2286
2442
7720
9524
2265
8545
8693
2262
2243
3033
4337
2305
2657
2585
8883
2247
2953
2356
3621
3790
2925
3205
6769
2251
5500
7337
2211
4174
7211
2984
6412
7633
8876
2441
3106
2184
9686
2167
3587
4705
2663
5283
2455
2533
2423
3900
8234
4148
8024
2240
2397
7393
2259
4016
6565
6489
8399
2227
8978
9237
3113
9023
3779
4844
2358
9541
3681
7593
3047
5580
2514
2571
2936
3199
2257
8091
3200
3322
2915
9009
2367
7432
7736
8500
3682
7667
5858
8010
3082
5464
3550
3798
3112
4149
3438
3517
2898
5413
2824
4125
2263
2790
5540
2413
4923
2926
5796
8958
9618
2914
5893
2475
6434
7179
2319
3868
2998
3134
3095
4043
7404
2259
2529
3812
2179
2566
9207
2478
4221
4799
2387
2513
5778
2242
2491
3595
2695
2836
2270
3936
4485
3006
3361
3160
3598
2263
7158
2864
6783
8045
3844
7168
9656
9198
9398
8482
8025
8858
2427
3317
7466
3015
3190
2606
3504
2303
3137
3700
2597
3211
2291
2818
6339
4910
2963
4528
2873
3247
8139
3030
8478
8564
2830
3040
3306
2408
3934
7066
2576
2684
3094
3119
2358
9686
7800
9105
2320
9235
3232
3622
2361
7738
3817
3913
2987
8430
3671
4037
3097
3447
3880
2440
2554
2562
2426
6140
8717
7474
9685
3691
3770
5876
7739
2447
3105
4152
8701
9492
3767
5256
5460
9684
2322
2472
5997
2471
4699
8696
2412
2546
7507
2268
6574
2472
6123
8752
7090
7684
7910
3229
4099
7939
2293
4346
6604
2734
3784
7545
8659
8693
7312
8692
2793
8636
9590
3461
4920
2329
2976
4244
3107
4891
2339
2636
3852
3540
4853
2704
4984
7869
2468
3152
3467
2764
6330
7627
2521
2588
2708
3464
8522
8777
2725
2826
7135
8776
2267
3989
7122
2544
5098
6388
4349
2378
3588
6271
6373
9205
4617
3019
3289
6313
2755
3350
7854
7999
9211
2315
8023
8783
9592
2649
2732
3221
2730
2781
2446
3925
5923
2322
4284
6123
2371
2477
3352
3270
3272
6436
2288
3478
6702
2737
6671
8528
4129
6917
2477
3535
7647
2971
3346
4705
3524
5529
2274
7103
7975
2401
2711
5450
8277
4206
4523
2797
2946
3251
7634
3173
8285
2309
9441
4191
3162
3375
9724
5037
2469
7395
2419
2788
3401
6496
2410
2495
3320
3465
3785
3144
3296
7877
4654
6868
7222
9111
3080
6185
2371
2537
3055
5563
4176
5799
8833
2536
3048
3072
8902
3022
7017
9526
2456
3103
2782
3230
2480
3909
2436
3155
2354
4222
7351
4771
9099
3450
2560
3237
2982
3021
3046
3235
2791
3389
7494
9290
2819
2852
2844
5578
4418
4758
2404
4446
5028
2338
2421
2944
2980
8167
2436
2464
3890
5628
6762
3032
3427
8423
2846
2866
4032
4694
9379
4499
8462
2960
3897
2609
7456
7667
2561
7158
4639
3026
4515
8368
2634
3693
2500
2621
2893
4014
9292
3527
4113
2527
7228
2530
3426
6468
2327
2362
3572
5492
8819
2700
2804
4049
5478
8715
2336
3708
2464
3426
2675
3308
2667
3326
3432
3454
3488
2587
5456
8256
3528
4983
2525
4446
2345
3690
2855
4625
6792
8285
9162
9181
2848
3151
4113
2611
2808
4314
6814
2601
2624
2869
2674
5340
7009
2434
8491
8676
2611
2616
2941
2435
3999
3060
5483
2472
2499
4786
2502
2575
3385
2888
7582
2493
2588
5492
9389
9261
9360
2652
4900
7435
2624
2703
2722
2870
8899
8493
8708
2407
3946
4835
2829
3455
4802
2593
2620
2954
2383
3077
3694
3827
6156
7652
3110
3334
3861
4708
3145
7004
2697
4733
5484
2520
3022
9078
2392
2393
3725
3453
9317
2715
3315
2930
3325
2572
3567
5295
3540
8663
9175
3088
9210
2757
2815
2432
2397
8695
8700
2511
3172
8112
8886
2465
3561
2392
2422
5932
4981
5005
3214
8760
8770
2927
5997
3794
7702
9479
2449
4388
2512
2895
6584
2645
9181
9719
2593
2629
2543
4189
7298
7488
9531
2507
2964
8670
2872
3522
3300
3512
2582
3238
8554
3148
3400
2770
5154
7897
2913
2960
4524
8071
2621
3613
2703
7718
4729
2515
2614
4809
3037
3621
4854
3065
2456
3163
3226
2856
2869
3893
3259
3523
2689
3795
5774
2617
3915
2483
3364
5375
2766
3793
7696
2831
3003
6281
7381
8957
3123
3353
2956
3134
3161
2869
4491
2738
7212
3341
3769
8652
2473
3031
3053
8371
2724
6020
2520
2554
4244
2924
3927
2574
7377
2941
2964
4103
4461
3295
4396
2540
3250
2620
4874
9055
2489
4781
2468
3061
3422
2751
3493
8960
2559
3848
6538
3499
6246
2493
2508
3796
4086
5410
4125
4349
2601
2856
3091
8485
9615
2897
4233
2739
4301
2843
8125
2676
3242
7584
9568
2815
2859
3143
5080
9357
2894
5202
8269
2548
2534
3789
3640
7434
7800
3063
3536
8792
5864
2832
2849
2935
3669
4514
2523
3734
2614
2640
3304
5016
9097
2616
3418
4818
3987
4722
2493
2521
5004
2665
8948
2621
3543
3597
3764
5900
2794
3802
3903
8313
3391
8894
3252
5165
3650
5062
6427
2511
3168
3180
5182
3093
8323
7366
8809
9153
3054
3104
4418
3138
3147
3080
4651
4950
3299
7523
3919
2832
2967
3092
3090
3095
4154
4494
2688
4287
3760
3722
4596
3021
6397
7218
3885
4222
2840
3665
8156
4405
8987
2920
3118
3532
3736
8635
2518
4650
5457
2746
3149
4447
3608
4103
3002
3207
7096
2880
3855
3658
3976
8544
3300
3339
2942
3027
2762
3777
3253
3656
3977
3607
4980
2547
2629
3188
3278
2935
2967
3005
2929
3863
2985
3666
3980
7565
3667
3981
3668
3982
3492
3656
3985
3359
3642
3791
3666
3990
7629
3673
3992
3354
5564
7774
2805
3870
2809
3860
3356
3411
3445
3459
2680
3687
3995
2560
3177
3610
3642
4294
4026
4084
8554
3688
3997
8503
2654
4482
4847
8224
2848
3135
3582
4116
5002
3411
3426
3445
4875
3781
2953
3513
2692
4175
2771
7997
3033
3448
3261
3296
8571
9102
9728
4670
7074
3649
3998
2811
4356
9129
5153
7313
8964
2640
3234
3713
4008
3714
4009
8518
3715
4010
3716
4011
2670
3170
5407
8544
3966
2805
3719
2636
3805
6146
2727
4280
4697
3387
4626
3722
4018
3723
4019
7114
3724
4020
2848
4888
4903
9324
5180
6750
7398
3138
4524
2685
8535
6670
2762
3167
3709
3369
5517
3395
2714
6109
2817
3119
7201
3469
4052
5013
2972
3631
3714
4022
3715
4023
3379
3799
3602
2647
4561
3136
6858
3356
3440
4730
3629
3377
4553
4287
2682
3029
8256
2932
3602
3626
2795
3470
3877
4622
3008
4220
8275
4632
8628
8489
3226
3506
2663
2890
5073
6600
4492
2859
3865
3756
4033
3640
3758
4034
3001
3759
4035
3773
3879
8680
4619
4051
5253
3063
3747
3081
3389
2688
3172
3180
3210
3594
6190
2666
8714
9450
2756
4062
4922
8421
3388
4177
2828
8858
2795
2814
3595
8547
2756
4181
6198
8347
3005
3876
3538
3539
3541
3208
3455
2956
8735
8898
3204
3401
2879
3895
2757
3143
3440
2667
3331
3620
2905
4348
9105
2745
3419
3556
4390
7475
2990
3818
3022
8762
8758
3904
7270
8537
2899
4104
3548
4655
2675
3288
3681
3644
4544
5549
3091
4344
3292
6613
2698
2854
3168
3302
4471
8632
3083
3808
8482
2685
4773
3056
7333
4832
3721
4185
2705
2909
4468
2718
3017
4473
6355
7454
3819
8913
7338
3541
3579
5637
6201
5509
8430
9145
3406
7768
3314
3682
4639
3771
4635
4486
3383
3693
8610
2840
3457
3993
4911
2899
4247
4627
2879
3169
3847
2893
3133
5220
2999
4283
3007
4044
6736
7755
3215
3800
3572
3837
4015
2996
3806
3103
3226
2740
7320
6456
3075
4282
6401
4862
3439
3521
3044
3693
3353
3363
3882
2760
4451
3749
3792
4153
3406
4538
4724
6577
3565
3749
3843
2751
3378
3672
2961
3898
3333
3597
3972
2814
2973
3422
3471
5742
7233
3610
3684
7221
4853
8382
8949
2892
7475
3596
6327
3025
3269
3767
3332
8350
2871
3804
7972
3661
4322
3038
3730
8556
3417
4742
9056
4336
3560
4353
3024
3400
4842
4368
7848
2955
3987
3198
3873
8960
8546
3223
2992
2996
3571
2947
3573
3674
2910
5770
2799
3690
3951
2928
2940
3628
6436
8548
3191
3826
3899
3932
4120
6267
6382
2788
2940
3832
3278
3370
4584
3708
3963
9228
9406
2974
3859
6913
3194
4707
5263
3568
4415
2896
4779
5608
7489
5048
9429
9306
2974
3712
5277
3448
3660
2977
3466
4734
7247
9340
3050
8655
3048
3404
4629
3355
3376
4769
3036
8746
3303
4430
4042
4141
3276
3515
8334
3813
3851
4006
3558
4602
5479
2994
4027
6212
8268
3522
8551
8694
5304
8564
9446
2932
4730
3171
3287
9030
3725
3984
3766
4148
8279
8838
6181
8191
7761
9054
3000
3482
3497
3636
3755
3193
4292
4100
4255
4863
3167
3604
3365
3376
3169
4089
3225
3803
3132
3287
3355
3557
3863
2961
3964
3271
3845
3968
3013
4237
4543
8774
3008
4226
3375
4667
4002
4109
3171
3429
4003
4025
3174
5427
7113
2879
3768
3027
3920
4914
2990
3696
6565
9725
4002
4071
4574
2998
3339
3590
3482
3537
3817
3794
3983
3166
6942
2936
3120
5979
3117
3907
2918
3161
8959
5066
3032
3593
8997
4459
7684
3201
3986
3963
4047
4772
5127
6957
3068
3544
4003
4057
5684
8015
6325
7662
8499
3231
4906
7167
4021
3129
7671
7191
3430
3825
3838
4655
4856
8268
2970
3952
5750
5219
9734
3176
4094
3951
4085
3140
3588
3057
3793
3185
4080
3569
3664
2937
3626
4892
3068
7023
3930
3947
2895
3509
3742
4095
8811
3743
4096
8332
3745
4097
3019
3371
6733
3931
7845
4141
4254
4346
4071
4156
3006
3089
3532
3203
8978
2942
3130
3878
6561
6976
8603
4241
3360
5422
4057
4064
3556
3849
8933
2972
3534
3957
7836
9180
3020
6932
8485
2925
3142
3757
4105
8576
3758
4106
3759
4107
8646
7740
8981
3484
4347
7996
3548
4751
3472
4618
3465
8963
3711
3620
3928
3435
8190
8968
4375
4754
8426
8554
3789
9101
2993
3796
4083
3999
5582
3164
3386
3958
3438
4407
4901
3681
3906
4047
4231
8918
4064
4083
3140
3186
3126
3802
5091
3224
3320
3480
3483
6178
4829
3915
3415
4176
4773
4254
8416
3293
4237
3096
4746
9036
3585
4738
3202
4874
6543
3335
3336
4624
4085
4269
3348
5386
8291
3463
3582
6824
7826
8979
4367
7374
4434
3338
3352
8747
3055
3352
3505
3983
4146
3233
3579
4753
3680
8822
3248
5578
9021
3448
3923
5448
3938
4178
3349
3587
3936
4900
3517
3828
4421
3844
8288
4679
7571
8780
3073
6023
8344
3595
7860
9173
7584
4803
6763
3652
4573
7789
4825
3632
3641
3798
7807
4658
3597
4215
3881
3944
3034
3066
7185
5695
7376
3730
4894
8704
3260
3610
9040
3533
8790
3012
4443
3863
3050
8542
3206
4550
3584
6513
4917
3828
4087
4727
7478
4970
6054
4087
3164
4045
5114
3096
4979
4413
3219
3855
3695
4946
8681
3641
3654
3130
4455
3740
4924
8489
3346
3943
3351
4225
3766
4935
3560
4205
4997
3381
4050
6124
3224
3282
6617
4156
4306
3185
4194
9234
9668
3298
3421
6088
7073
3735
4967
7942
4184
5290
8334
3195
4546
3111
4976
9102
4653
3049
3286
7597
3279
4966
3086
4324
7794
9677
3324
9024
3316
8170
3879
5447
3600
5665
7389
3538
3603
4652
5737
3731
4607
6071
6526
8284
3367
4242
3892
4731
3117
4069
3899
5199
3106
3611
3883
3130
3647
5297
3739
4082
4239
4275
3232
4270
5749
8654
3283
4136
4231
4317
4672
8380
3746
3772
3918
3283
3514
3979
3429
4251
4394
3949
8126
4737
6163
3820
3839
3210
3792
5128
3323
3335
3754
6589
4595
7417
7785
3772
4042
5402
3679
3767
3959
6617
8004
3144
3473
8585
3108
3241
7539
3203
7439
4164
4182
6708
5026
3133
3729
4317
4457
3111
4542
5041
3199
4267
8097
3323
3358
4602
6580
8865
3408
6778
8411
5496
8496
8341
4068
3575
3672
3791
8524
3814
4452
4949
7669
4608
3261
3520
3800
3193
4389
4512
5476
3384
3808
3338
3505
3580
4164
4216
4321
4823
7608
3587
3706
4485
3221
3318
4328
4378
3402
3617
6856
3390
3402
8339
3851
5095
3554
3573
3187
4563
3451
3854
3186
3706
3741
6778
8594
4845
4135
4200
3264
3682
4171
4916
4110
3811
3821
8852
4592
3498
3873
4261
4968
4791
3405
3535
3386
3884
3483
4157
4306
4416
3843
5086
3271
3807
3815
4135
4198
4239
4462
3268
3410
3890
3174
3476
4668
3974
5735
3390
3456
3728
3530
3574
8309
4885
7621
8224
3458
4190
4822
3487
3874
4429
4439
9012
3733
5572
7254
3248
5224
9159
7807
3788
4308
3239
8273
5294
4055
4221
3933
4001
4162
4263
3489
7274
8208
5538
3359
3778
8131
3291
3504
4562
3588
7985
3537
3913
4395
8855
6193
3273
5515
7634
9452
3349
4060
4073
5659
4689
7792
9417
7232
8486
8008
3974
4203
4152
4173
4752
3246
4420
6111
4286
4227
3259
3542
4323
4833
4228
9479
4049
8305
4109
5609
3494
4054
5312
3342
3527
3710
3571
3654
3346
3787
3910
6516
4147
4195
3512
3891
9070
3739
4016
4076
5465
3930
5154
3925
4501
3820
4576
4861
8581
9506
4547
6540
3249
4818
3317
4378
4537
3894
8460
3969
5252
3417
5497
4800
4175
4216
4381
3956
5254
3267
7099
8623
4263
4364
3409
7027
3266
4394
3396
4427
3325
3397
3328
4599
3550
3632
4620
3282
3861
4536
5165
3514
3924
3516
4416
4551
4244
8144
3912
4803
3458
4238
7550
3358
3940
5479
3336
3754
3869
3367
4334
3886
4272
5051
4457
4706
8205
4848
4162
5257
4686
9109
3511
9234
4223
4265
3850
4956
4964
8842
9591
4923
8752
4210
4277
3372
4351
5037
3513
4264
4597
5529
5105
9553
4593
8838
9654
6079
3612
4139
7386
3996
4028
3474
4427
8857
5335
7340
3425
8354
8485
3372
3600
4456
3790
4765
4964
4325
4403
4299
4881
4299
4531
8961
3379
3831
8662
3452
4818
7696
8370
3807
3945
4749
3307
4494
6149
3878
4102
3869
8438
5001
3366
3615
3872
4405
3329
7158
3526
4218
4673
9030
3385
9089
4325
4370
3485
4491
4075
4549
5343
5013
5360
9018
3996
4127
8301
4223
4295
4210
4290
4441
4828
6475
3351
4345
4358
3827
3839
4078
4810
3550
4510
5834
9707
3741
4385
4387
3929
3942
3456
4219
3513
4243
3578
4544
4385
4440
4364
4432
7213
4117
5264
4535
7523
4189
6341
7255
4972
3475
4402
5436
5046
8724
4230
5282
3858
4221
4851
3944
5112
4696
5351
8844
3456
3809
3864
9128
9206
4767
4235
5592
9085
6255
3787
4249
6652
5692
3911
5293
9616
4516
5258
4908
4182
5236
4017
4463
5299
4328
5619
3883
4024
7635
8096
4797
9095
4815
4387
4998
4492
5027
6649
3720
3574
3707
4168
7198
8122
9559
7211
5092
4370
4454
4332
4393
5292
4094
7376
4101
4143
4389
4671
8445
4534
8023
3959
5173
4763
9015
4026
5202
7317
7958
4599
4462
4728
3599
4432
4582
3637
3976
3862
4887
6790
4540
4676
3810
4074
4575
5798
4295
4366
9062
3645
3977
3857
4713
3649
3980
7607
3650
3981
3651
3982
5962
3769
3914
5950
7932
3789
3881
3481
3700
5784
3663
3992
8707
3677
3985
8495
3658
3995
3675
3990
8031
3576
4551
4795
4470
4528
3734
3947
3618
5545
9019
3673
3997
7224
5310
7537
4677
5765
5250
3623
6321
6610
5088
5420
4996
7233
7763
3728
3809
3697
4128
5835
3675
4008
8922
3676
4009
3677
4010
4932
3678
4011
5267
4290
4502
6871
7768
8562
3687
4018
3688
4019
3689
4020
6497
7458
4014
5138
5310
8851
3616
4012
9195
3716
4763
3841
8932
5448
8403
9729
8398
5881
4222
4764
5495
5904
4709
5484
7470
3501
4094
4616
4844
5514
4200
5382
3667
4737
4273
3707
4252
3668
4731
7092
8163
4183
8153
4255
4442
4275
5604
5583
3953
4929
3738
4276
5822
7003
5291
9286
3755
3998
5048
4323
4971
4454
4682
8943
4957
6156
3946
4745
5185
6370
7213
9239
3743
4022
6750
3744
4023
4750
3721
4033
3723
4034
9074
3724
3761
4035
4820
7550
4393
4501
5734
6598
4355
4685
7141
3511
4484
4449
4173
5324
3913
4665
4086
8138
4001
5042
4218
4257
4388
5696
5746
3866
6204
4439
6017
4495
6413
7960
4366
4555
9058
4237
5169
4706
7852
8761
3525
5392
9103
4450
4503
5085
6297
4283
4450
4480
6079
5175
5505
7975
4195
5241
7411
4653
4790
8415
4038
5330
4809
4198
3635
4050
4951
3903
3628
3832
9024
7331
8759
4241
4533
4939
4817
4915
4081
4530
4681
8792
5654
3991
4921
4812
4896
6281
3824
8601
3836
4122
5792
4976
6373
7981
5642
3864
4219
4581
4831
5453
7929
3967
4383
4465
4149
5321
4503
4631
3619
6605
7068
4478
8730
7307
6277
7706
9047
3618
6079
4159
4728
4821
3622
3624
8632
6020
4086
4841
7721
4196
6882
3840
6574
8995
7513
4867
4332
5361
5421
9251
4991
4681
4723
7271
4962
8701
4265
5311
6858
3810
4013
5713
8287
7196
3829
4131
4259
5759
7780
4424
4477
4827
3686
4185
5358
3685
9315
4113
4888
3936
4046
5625
8350
5120
3623
3900
8831
6314
4530
5498
4676
4846
4072
5608
6836
4066
5478
7096
3921
4016
4821
4869
4553
7564
8985
4396
4469
3697
3782
4896
4954
4272
4993
4196
4792
3639
4474
6091
3765
4012
8221
8686
4785
5077
4066
4158
4356
7515
4058
4139
9300
9082
4796
4798
8288
4533
4630
5248
4849
4864
3664
3917
4143
5108
3887
5444
4036
7372
9105
8553
5126
3939
4819
4978
4723
4788
9037
4151
4394
4465
4558
6183
8962
3919
4489
4271
5204
5728
4502
4717
7411
6773
5460
4609
4830
7721
3874
5316
4965
4764
4944
4091
4268
5178
4812
6192
3902
4631
8832
4277
5512
4580
4612
4488
8718
8909
5492
7259
6792
8185
4715
8609
9438
8084
9086
8731
5655
5841
4630
4766
4801
3746
4398
6594
4166
6077
6841
4865
4039
5517
4477
4735
7393
4127
5011
8439
4682
4836
5381
4869
4984
6085
5243
4846
4872
4540
5587
4580
4747
4555
4741
4640
4038
4484
4759
4798
4947
4915
5074
5665
4804
4622
5119
9026
3814
4560
5384
9462
5920
7333
3795
6155
4067
5855
5456
5879
6166
4441
4933
5467
4884
4483
6143
5197
4694
3968
4989
4817
6260
4191
4931
5930
7345
7989
4479
5480
4170
6599
6691
3871
5566
6065
6361
4594
4372
4954
5201
6054
8883
3871
4384
8455
7278
8102
4480
5506
6118
7807
5646
5678
4169
9193
4288
6630
4257
4459
5209
4073
5172
4872
4942
4331
5306
8299
5295
6811
7381
7221
4058
4736
5659
7473
3834
9227
4219
4497
4309
5253
6857
7876
6128
6436
4882
4729
6432
5372
9388
4443
5284
4493
3867
4473
4313
4794
4941
7376
4355
4811
7513
3988
5211
5089
4424
5416
4171
4930
6113
4687
4721
3846
9474
4727
4766
4868
4836
4919
5530
5293
5334
4095
4123
6267
4096
4124
6071
4097
4126
7411
4053
6187
7358
3962
7621
8860
4412
5352
3857
4873
8144
4105
4132
4106
4133
7632
4107
4134
8887
4717
4793
6862
4123
4361
4124
4362
4126
4363
5876
4757
6319
4721
4756
3920
4102
4977
4982
4653
4927
4470
5744
4253
8523
7256
4355
4922
4624
4304
6607
6163
8427
5491
4741
4826
4911
8796
4547
4703
5691
6391
4944
6908
4796
5869
4942
5078
5249
5074
5189
5433
6882
8617
5020
7413
8760
9621
4947
5288
4863
5159
4605
7605
5933
4626
5630
4747
4912
4464
9747
4278
8751
4285
8660
4139
9216
4860
4990
7230
4119
5673
4756
4928
6934
3908
4701
4977
5158
4352
4522
7906
3970
4455
4830
4975
7554
5217
4312
5794
6691
7099
4779
5908
8251
4158
4785
4898
4403
5901
4793
4897
4197
4645
4868
5031
4775
4776
9065
4535
4734
5888
5821
3965
8342
9061
4523
5063
5026
5116
4939
4483
5240
4919
5000
4609
5428
4592
4905
8754
3954
4401
7305
4440
5913
5134
5176
7728
7945
8182
6622
5773
7759
5167
5360
5821
4459
5164
4826
4925
5775
8675
4614
4702
5189
5323
4383
5366
4775
4909
6139
4687
5273
4923
6151
4619
7322
9217
9727
4202
5614
5704
6709
4484
4839
4260
7639
4193
5104
4786
9174
6402
8285
9138
4912
4974
7533
4369
4392
6900
5119
5281
6843
4570
9304
7803
4975
5015
4213
5184
5296
5297
5020
6336
4612
5426
4794
5804
6540
5123
5132
4067
4860
5941
5135
5201
5404
4559
4585
5017
4905
5008
6626
6648
4941
5099
9218
6388
4138
5064
4294
5078
5500
4147
5450
6858
6657
9078
4386
6808
7240
5722
6830
7664
5000
5035
4245
5184
6495
7860
6107
5373
4712
4739
7365
8715
6226
5015
5023
4469
5425
6810
9483
4171
5593
4307
5793
5815
4581
4878
6072
4565
6511
6927
9271
4559
4638
4233
4429
6989
4998
5535
9505
9653
7531
7988
7766
7646
7984
7016
9036
4974
5096
4767
5044
6799
5281
5344
8152
8410
5066
5510
7817
4352
4460
4390
4722
4338
5816
8791
8736
4187
5323
5408
4909
6268
4342
5818
8409
5296
5328
4343
5817
8548
6705
5520
6458
7317
5215
4214
4928
5039
4897
5239
4250
6198
7769
4541
4572
4253
4739
4777
5187
8381
4211
5325
6023
5023
5191
5031
5200
4165
5628
5675
6741
7577
8428
9593
7674
6242
5159
5355
4982
6410
9732
4613
4236
4311
6931
4315
5709
9122
4925
5270
8008
7604
8975
5035
5160
4784
5680
5669
8659
5300
5347
4327
5710
8698
7672
4955
4987
6201
6649
8026
4330
5712
8953
4402
6519
4333
5711
5404
8755
6383
4674
5944
7034
5251
6177
5326
4427
4777
4895
5082
7756
5503
7118
9048
5132
5302
7213
5009
7492
4208
4489
7390
5008
5106
4634
5318
6243
5502
7228
4545
5055
6937
6791
9125
6718
5251
8195
8655
4367
6610
8831
5697
7896
6105
7640
6098
4206
4702
5272
5039
5103
6284
5158
5562
5141
5298
4172
4740
5337
6855
4955
5025
8894
5145
5233
9242
4433
5621
8480
7499
4504
8498
5185
5948
5099
5255
6111
4877
7778
4720
9397
4554
5739
4335
6279
7267
4461
9739
9203
8544
5408
5520
8008
4493
9531
9703
4683
7148
5328
5418
6419
8001
5106
5161
4695
5535
5575
4732
8341
9247
5493
5044
5122
5395
4358
9032
9161
4202
6984
5200
5274
7146
5424
4591
6363
6554
7864
6343
4552
5914
6274
5150
6989
5344
5542
8346
5347
5451
5479
5160
5216
4541
9057
4354
5730
7953
7335
4712
5389
4357
5731
4360
5733
7230
5123
6550
7519
6497
8140
9610
5910
5575
5585
7690
4359
5779
8699
5096
5237
5558
5585
4390
9401
5355
5473
6587
7806
4365
5780
8447
5012
8016
6744
4806
9246
5122
5170
7568
4371
5385
5781
6203
5161
5285
5033
5049
5091
7081
9360
5300
6579
5029
8268
4776
5644
5418
5430
5103
5751
4877
5507
5024
5226
5052
6311
7355
8110
4554
4883
5687
4585
5110
5014
7888
4514
4613
5139
6501
5049
5131
6235
4369
6662
6761
6893
8320
4278
8911
6896
4785
4936
6762
6880
8129
4884
5094
4957
5212
7415
6521
4895
5341
6196
5140
5216
5278
7683
8689
4987
5929
5030
5134
8827
4373
5829
4374
5813
6776
4398
4428
4376
5828
9316
6564
4763
7407
5441
5531
4380
5830
8137
4994
6467
4382
4805
5831
5191
5357
6871
8013
5165
5170
5269
5274
5494
5141
6306
4361
4566
8816
4362
4567
4363
4569
8609
7840
6175
6324
5510
5715
4496
5064
4391
4566
4554
9142
5932
5320
5728
6307
4409
6008
6884
4410
6009
8720
4472
9103
9108
4414
6011
9170
5092
5356
5536
5553
4610
5088
5317
4962
5056
8669
6328
9259
4419
4569
8775
6330
8294
8582
6333
5285
5380
7195
7362
5430
5674
6593
8822
6214
5041
5298
5454
4426
4567
8787
5760
6847
6218
6219
5558
6208
5237
5329
5047
5302
5482
7632
4902
5576
7382
5131
5271
4506
5451
5624
6424
7451
6429
9136
6411
6430
7511
6422
7379
9091
5473
5601
5800
6134
6435
4596
9320
6470
6478
5278
5369
6473
5553
5588
7721
9013
7388
6479
4473
6549
6483
5670
5533
6074
5907
7960
7349
6231
5531
4591
5662
9072
8155
5222
5266
5640
5245
5441
6647
4934
4516
4614
4635
4720
5152
4657
4960
4800
6561
4505
6663
4589
4644
8121
5357
6563
4508
6664
6418
6420
4513
6670
6069
8105
9285
6425
5588
5599
7112
4517
6678
4774
4476
5269
5340
5267
5499
5100
6852
7816
5329
5378
9136
8806
9618
4487
4651
4780
6969
5033
5682
4621
4648
8077
6627
5454
5557
5193
9055
5500
5939
5369
5393
5542
5740
8338
6251
8141
8442
7733
7057
5978
6365
4507
4573
6513
4623
4646
7435
4532
4637
9513
6344
5599
5631
5317
5409
6800
9277
8451
4558
5271
6460
9508
5239
5486
7333
4889
5259
9203
6680
8325
8042
9520
6965
5120
5218
5415
4907
9448
5715
5846
6677
8642
5515
6007
8139
9738
4556
8375
8389
4621
7344
6167
7597
6157
7817
8242
9405
9444
9312
5700
6193
5624
5884
4623
9366
8807
9626
5082
4932
6934
8622
9494
8869
9651
5012
5685
5094
5262
6166
8374
4509
4643
6805
8474
6405
7482
7339
5261
5801
8363
5766
6598
4518
5810
8714
7177
5340
5398
4969
5601
5883
5378
5463
5811
5823
8396
5179
5699
5812
4589
4666
6588
4526
4646
7092
4675
6591
4889
9243
5555
5476
9161
7169
4710
5574
7309
5892
4684
6602
6028
8041
4578
7940
7288
9560
9690
5339
5315
5349
6985
5538
8337
5005
5909
5356
5471
5562
5891
9063
5270
5559
4604
5194
5263
5536
6831
5494
5633
7853
4913
5190
8943
6520
4587
4638
6109
8103
5824
5390
5409
5490
5846
5919
8105
5415
5446
6848
7999
8186
4961
5681
7556
6870
7173
7763
7223
4802
5197
5374
9430
7161
7943
8975
4586
4648
5073
7042
5262
9265
9342
6780
9466
5939
6024
5868
7229
9374
4601
4647
6316
8179
4806
5629
9012
9015
7506
8827
5446
5485
5346
5377
8214
4908
4907
5068
7241
6361
5198
5665
7336
4782
4807
4926
5297
8095
5486
5661
6712
9513
6121
9099
6881
8795
8889
5827
5367
5325
5740
5970
7196
5346
5359
7135
5631
7006
6099
5398
5466
7623
6773
5111
5674
5936
7718
8805
6427
7716
6390
6529
7215
5504
8657
5519
5359
5622
8641
4659
4664
8824
9062
7743
5093
7936
6665
4837
4650
7604
7698
5485
5508
8810
4659
5483
5490
5541
5022
5175
6324
5223
6693
5075
5136
6963
8079
7177
8462
7943
9272
6682
9273
4843
9274
9275
5266
6259
6356
9372
5919
6120
8141
8794
5149
6895
6562
7068
5331
6796
5559
5590
8653
5399
6320
6357
7625
5315
5449
4913
5221
5322
4961
5703
5463
5579
7859
8568
5261
6050
6358
5363
5472
5471
5551
5656
8855
9657
7337
9048
5163
6911
7129
8129
9567
6297
7826
8743
4819
4988
5043
7743
8275
5508
5524
6809
7735
6145
9039
5125
5143
4768
6605
9106
4806
5528
4937
6502
5590
5701
6085
7085
4782
7088
5349
6254
8289
8413
5156
9258
5945
8977
9731
5394
4908
5373
5247
6020
5020
6614
5206
8031
8717
5577
5579
8244
6991
6772
5793
6946
5437
6608
6669
4789
5645
9150
8710
7679
6159
5069
5213
6853
4953
5196
5940
5724
6012
5213
5244
7971
5970
6152
7787
5377
6278
7442
6754
9244
9710
5331
6803
9455
5383
5419
9633
6236
5393
5727
5551
5591
5211
5581
5936
7018
5717
5859
5583
6090
5661
5747
5883
6144
6174
6197
6832
9386
9647
5286
5376
5439
5449
8765
4992
5488
6369
5082
7789
8188
5541
5667
7410
5435
6562
9464
7635
5249
5534
6887
6999
7094
5884
6180
8565
8931
6002
6711
6981
5025
6370
4867
5516
5560
7821
5874
4855
4899
6075
6932
8859
6966
7352
7616
9440
6408
7534
6953
8168
5525
5586
5591
5690
5414
5842
7440
8570
5091
7078
7596
5414
5458
6971
5639
5743
5679
5244
5694
7375
5350
5932
9636
5228
5832
6665
7274
5577
5706
5363
6164
7108
5002
5280
5326
8265
5491
5772
9184
7827
5663
8283
6950
5747
5786
5898
5991
5215
8996
6152
6220
6751
5724
8852
5530
5788
5859
5898
7342
5439
5526
6161
6180
5976
6095
5401
5489
5521
5383
5965
6573
5124
5235
5472
5610
5286
5764
5234
5307
5848
6811
8319
7099
5124
7616
8214
5777
5786
6730
5701
5885
5586
5611
8866
9008
4986
5788
9233
5743
6160
5475
6083
8974
9744
8048
5058
5626
5642
6229
5437
8555
8798
4978
4988
7509
8057
8735
9624
7405
6025
6464
6220
6327
6978
5221
5705
5419
5511
5582
8731
9530
6715
6571
7693
5458
5526
5890
5814
5875
8013
7651
5002
9026
6500
5610
5620
5935
6037
5327
5987
5327
5401
5989
5332
5561
7292
5875
5986
5429
5997
6150
7472
5808
5878
5885
5109
5121
6570
7624
6710
6106
6541
8466
5904
6603
5470
7152
8538
5841
7059
5666
8060
6919
5313
7489
5280
5635
6966
6095
6179
5736
8333
5654
6287
6428
7030
9056
5713
8468
6757
7620
7956
7941
5962
6527
7149
5501
5511
5777
5854
7258
8429
9497
7443
5772
5925
5611
5708
5353
5879
7025
7406
5669
5525
6366
7753
5690
5791
5501
5523
7163
7817
5560
6498
6327
6710
5313
5537
6540
5655
8843
9555
9317
5316
8637
7592
5833
6505
7847
6906
5144
6067
6189
6144
6666
7729
5648
6537
7374
5814
6625
7581
5593
5984
5412
5991
6169
5519
5651
7124
7035
5727
5843
7064
8358
5639
6558
5137
5260
8347
6943
8136
5238
5424
5481
8301
6161
6676
6179
6275
7848
8069
8646
5976
6794
5854
5903
5878
5982
7987
7544
6450
8571
6863
5115
5717
6747
5523
5741
5283
7543
5581
5916
6994
8546
8723
4989
6334
5188
6590
6695
5087
8971
8280
6168
6169
5708
5911
9024
9707
9409
9691
5986
6137
6717
5075
5081
5177
6723
5897
5903
6025
6454
6905
6432
5937
5982
6318
5116
7023
8916
8592
7506
9130
8776
5620
5803
5959
6346
5791
5889
7249
8737
9183
7372
5301
5443
5519
5387
6640
8293
5151
6202
7846
5988
6015
6350
5843
5960
6293
6785
6137
6154
9070
6229
6892
5561
6301
7327
5279
5638
5759
8262
6118
6536
6003
6022
7861
6388
6276
6310
8938
7234
7029
8480
5925
6359
5289
9336
6510
5188
6600
5937
5990
8416
9129
6147
6101
8457
8928
6168
6245
5648
6250
8373
8707
6527
6619
7107
8923
6165
7779
5889
9091
6386
7560
6493
7795
8318
5391
7046
8353
5379
5603
7502
5481
5949
5598
5634
7055
9343
6439
5205
5207
5550
5177
9408
6204
5754
7741
9077
5719
7128
9325
6154
6181
9221
7306
7883
5246
5207
6963
5636
6264
6917
5865
6035
6086
6275
6406
7888
5354
5440
5823
6101
6215
5920
6446
7859
6585
5431
5097
5177
5400
7368
5101
6951
6143
6476
6507
8213
9000
7742
6721
7924
9748
6807
8330
6449
5260
5438
5963
6459
8521
5228
5790
5916
5985
5693
7019
5279
5348
6139
6482
6151
6948
5367
9313
5343
6416
6554
8917
7421
5721
5735
6217
6181
6222
9571
5964
6276
7013
7302
9582
5707
6006
5911
6081
8160
6400
7947
6015
6746
6868
5230
8483
7572
5403
5845
6499
5677
5721
6086
8317
5246
8418
6310
6407
5354
5802
6245
6296
6758
5289
5336
5663
5823
6005
5162
9236
6116
7005
6242
6302
5513
5850
6611
5385
7428
6530
9028
5438
5668
6399
9194
5301
5336
5566
8455
6287
6314
6861
7138
8218
6406
6441
8325
7562
7711
6642
6620
5880
6089
6532
9126
6036
6126
5308
5348
5568
6346
7126
5720
5969
6312
6203
6539
5308
5627
6569
5960
6076
6302
6322
5210
5219
5308
8004
5561
5776
6296
6298
5834
8827
6176
6876
6886
6442
6443
5203
5289
8186
7072
6239
6788
6854
8628
8151
7216
5487
5632
7361
6116
6329
6998
8840
9720
5853
9228
5984
6248
6029
7470
6368
7637
6619
6815
7524
7963
6482
7988
8208
6241
6272
6704
7629
9561
5214
6048
6126
9522
5938
9428
6546
6323
7723
5671
5371
6653
7468
5636
5763
7389
5630
8501
6102
5628
6398
6036
6557
6215
6922
5683
5998
7380
5826
6023
8996
5853
5230
5445
6112
8915
9287
9482
5532
6732
7220
5653
7089
6952
6970
7141
6113
9427
7414
6652
9399
7610
5741
6299
6098
6389
6443
6490
8309
7884
8115
5400
6709
5544
8864
6889
6298
6375
5737
6536
8147
6336
7182
8475
8536
9002
6402
6726
6081
6188
5539
5641
9341
6132
9166
6226
7048
6455
6633
8728
7022
6019
5325
5528
5686
7772
6753
6426
5555
5899
5640
5953
6821
6158
6804
8319
6442
6576
7109
9058
6766
5569
7455
8757
6128
7176
5684
6234
6266
7465
5928
6362
8973
5343
7091
6375
6380
6480
7471
6234
6294
8105
6480
6945
8922
7804
7503
6441
8999
7699
5771
6902
7444
8780
5698
5955
6371
6185
6188
8051
8118
6273
6517
6760
8938
6105
8672
5641
5718
5432
7507
9628
7791
7522
5341
5461
6148
6273
6484
6272
6904
6222
7175
5445
5487
7900
6490
6575
8789
8143
7172
7266
7638
9384
6053
6067
5870
6065
6138
6069
6438
6633
7095
9460
8214
6270
6437
6485
5834
5844
5808
7198
8683
7180
5354
5371
5676
8029
7100
5938
6885
6648
8810
6294
8461
7141
7036
6687
6606
6380
6489
9141
6894
6284
9149
8503
9220
6338
6266
6729
6077
6341
6349
5776
7324
5866
6458
8295
7518
5861
6434
8037
6051
6703
6993
7372
7033
7392
5762
5763
8488
8614
6897
6624
6728
6713
8913
6383
6658
8395
8339
8935
7620
6907
8003
6508
6654
6671
5686
5725
6225
8018
6556
9064
5897
6283
6696
6083
7236
5922
5956
5736
9183
5600
6492
6505
6613
6584
8783
8422
6630
7123
7536
8583
7225
5930
5956
6265
9412
9456
5423
5799
7272
6623
6282
8138
6057
6141
6433
7608
5978
6326
6216
6601
6438
6440
5443
5775
8505
8431
6171
8457
6631
7993
6715
9042
6167
9007
5795
5762
7484
5824
6094
7898
8794
5892
9432
6626
7082
8002
5434
6195
5870
5934
8514
9282
6268
6300
5757
5895
7016
5462
8781
5606
5638
7641
5723
6056
8958
5603
8678
8732
5977
7496
6861
7001
9370
6423
7456
8621
5539
5647
6514
6580
8765
7734
5643
5723
6206
8489
8121
9080
7290
8569
8678
5666
5734
7395
8362
8740
6489
6568
6622
6960
5544
8653
6157
6547
6142
6632
6659
8666
9060
6987
7567
9034
7885
6392
7538
5614
6984
9136
6414
6481
6925
8632
6076
7134
6004
8014
8348
5660
6421
8296
6833
6209
5678
9438
7948
8143
7552
6635
6077
6100
8769
5618
6650
8028
6631
7170
6651
6655
6699
6714
6059
5924
6087
6202
6812
5718
5734
9184
9376
6618
8936
5940
8173
6706
8730
8101
9121
6568
6767
7724
8397
8641
7399
5660
6445
6448
8854
8685
9001
8432
7219
9278
8725
6337
5718
6581
7708
6182
8810
7359
7086
5547
6903
5934
6784
6258
8366
7614
5632
6207
8496
6114
5922
6084
6679
7974
6211
6447
9188
6618
7053
5742
5856
9226
6462
6698
5652
6795
7079
8790
6051
9096
6638
5652
7098
7130
7028
6392
6566
6770
6372
7889
6958
7284
6828
7796
7142
8120
7680
6066
6100
6037
7245
9538
7132
5698
8087
9525
5569
5752
5606
5658
8075
5686
5785
6386
7750
5671
5678
8054
8231
8400
6941
6286
8970
6668
7689
8993
6651
7084
6367
9450
6771
6230
6921
7101
7790
6409
6363
6820
8252
5856
5861
9177
6835
7578
6648
8136
6986
5600
6175
5616
6214
5612
6219
5615
6218
5924
6093
6990
5745
7251
6780
6798
7561
5651
6587
6834
6087
6211
9354
5676
5959
6130
9298
6810
7159
6431
9219
5756
6345
6754
8512
9424
6173
5758
9437
5761
8723
6237
8015
9171
8532
6744
7069
7450
8851
9561
6764
6930
9098
8702
8920
9051
5704
5785
5630
8644
6193
6496
7867
5749
6851
7416
8476
5668
5704
7323
7295
9368
6005
7269
6875
6725
6719
6825
8180
6063
6066
5861
6039
5990
6463
8364
9463
5672
5980
8303
8307
6609
6912
9373
5961
9346
6197
8442
7631
8704
6353
7132
7110
7145
7343
8115
8523
5675
7754
6237
6332
5771
6795
7558
6961
9065
9375
8183
7965
6992
7041
7427
5971
6283
6304
7973
7516
5905
5915
9353
5895
5914
7090
5999
6292
6084
6117
8982
8543
6093
6938
6465
7184
6084
6988
9519
7959
6692
6817
6980
6864
7260
8019
8212
5931
6056
9281
9603
7760
8809
9319
8466
9587
6737
6741
7715
5819
7207
7262
5822
5999
7941
8104
6205
9209
6551
7997
6417
5942
5877
5886
5887
8517
5819
6798
7194
7321
5934
6039
6953
7666
7463
8506
7479
8753
7514
6781
6813
8619
9178
6083
6173
7169
9154
7705
7786
6529
7932
5852
5857
5858
6800
5862
6684
8146
6093
6200
7088
6465
6612
7682
6104
9409
6636
6127
6326
5833
6208
6291
6872
6595
6891
7208
5914
5757
5822
5944
6585
5905
6569
7229
9155
7453
9487
7241
9156
5847
5764
5849
6486
8238
5851
5906
6110
6777
8765
7700
8712
6898
9475
5956
7074
8365
6403
6544
7322
8968
5775
7890
6813
9484
6309
6535
6053
6738
7773
8992
6034
6038
6228
6049
6261
6063
6206
7118
6864
7156
6173
9350
6451
6545
6761
6667
7127
7143
8443
5955
6108
8239
8646
7683
7824
8814
5842
6560
6304
6311
8420
8465
8511
9075
8695
6332
6451
6078
5866
6051
6202
6308
6502
8771
6290
6588
6055
6591
6061
6602
7186
6790
6817
7188
6418
6420
6425
8248
7579
6307
6328
6330
6333
9383
8172
8311
9162
7203
6286
6491
9411
6365
6534
7163
6263
6092
6103
6107
6108
6142
5837
6056
6206
5953
6138
6970
5946
5851
5951
5847
5952
5849
5954
7061
6839
6827
5940
9212
9329
8314
8825
6138
6915
6472
9127
5863
7438
7710
6860
7139
7545
5871
9187
5872
6972
7076
7273
5873
8342
5946
6293
6749
8563
8424
6528
6586
7122
5938
6225
6549
6995
7058
5951
5952
5954
6142
6200
6829
8601
5912
9491
7714
7056
6551
9406
8691
9326
6080
7286
7370
8062
7178
6734
5917
9247
5918
6572
6288
6463
8549
7929
7140
8624
8086
6280
6288
6094
6265
7131
6816
6237
6352
7148
7665
7895
6182
7704
6325
6311
6317
6080
6697
7311
6722
7830
6653
6170
6749
6491
6582
5957
7996
7083
7624
8954
8991
8575
6133
6280
6285
8284
7559
6135
6136
7566
6959
6888
6923
7462
7227
9418
7246
6685
7829
9144
6340
7119
7373
6877
9419
6469
6523
6534
7388
8870
6888
6893
8439
7144
7649
8228
6859
6860
5996
8587
6582
6637
7240
6184
8423
8997
9403
6087
7183
7232
6100
7226
6372
6660
8910
8388
9499
6353
8138
7179
8181
6487
6838
7354
6954
7744
6029
6728
9426
6029
6030
6460
6774
6292
7357
7556
6030
6044
6055
6232
6684
7202
7355
9071
6183
6411
6133
6422
6136
6385
6135
6435
7805
6102
8163
6727
6149
9617
6543
8272
8377
6672
6061
6240
7731
6395
6693
7820
6131
6132
9143
9548
5998
6131
6542
6967
6034
6223
8622
9703
6523
6528
6038
6224
6183
9352
7193
6049
6227
8530
7050
8021
6660
7662
6162
6560
6031
6031
6033
7326
8028
6424
6429
6926
8272
6430
9592
9694
6092
6238
6078
6252
7420
6923
7214
7419
6896
7206
6033
6048
6551
6563
6759
6103
6244
6158
6257
6852
7111
6910
6107
6247
8286
8990
7669
8630
6486
6699
7103
8223
6044
6170
9069
9391
6982
6223
6473
6224
6470
6387
6479
6227
6483
8300
6238
6456
6232
6244
6240
6247
6089
8172
6352
6451
7312
8351
6191
9241
8519
7383
6158
6233
8879
7277
8305
6252
6478
6842
7093
7675
6825
6295
7595
6353
7263
8682
8312
8900
9602
9539
6364
6996
7250
8932
6391
6674
7010
8428
9638
7210
7418
8265
6628
9135
8510
8359
6340
7120
7792
6368
9367
7461
6153
6394
7052
8339
6468
6534
7106
9152
9295
6469
6545
8193
7190
6355
6403
6818
8866
8526
6262
7204
7391
6114
9431
6956
8484
6749
7330
9301
6209
7467
8340
7698
7670
8530
7231
6364
7270
7287
8407
9020
7400
8525
6634
6940
7459
7346
7045
7164
6292
6511
7889
9486
7530
6491
7363
8458
7283
6745
9476
7546
9033
6867
7080
6141
7752
7054
7189
6323
6309
6355
7866
8616
7147
9498
8263
8099
6189
8243
7454
7828
8939
7137
6511
6535
6635
6907
7160
6257
6660
6309
7301
7350
9501
9053
8277
8474
7299
7930
8410
6398
6599
7313
7618
6946
6806
9038
8752
6416
6439
9481
8114
6386
6449
6637
7581
6285
6556
7460
8071
6335
6191
7803
7278
6969
7282
6690
6801
7601
6207
7237
7504
6446
9459
6228
6387
7157
7551
6943
6862
7557
6209
6785
6263
6700
7293
7326
9748
6216
6433
6839
7600
7383
6360
6362
9420
7212
6465
6616
7195
6814
9389
6488
8722
8315
9480
8599
7070
7825
9461
6578
6595
6675
9271
9303
6471
7659
8130
7329
7767
6512
7264
8690
9356
7793
8267
7628
7186
8145
9504
6974
6578
6586
6597
6348
6360
6684
6317
6654
9242
9286
9402
6326
6975
8658
6599
6612
9167
6261
6385
7880
7307
6586
7990
6985
7291
6899
7800
6656
6347
6349
9537
7505
8995
9176
7437
9163
7153
8998
7877
8571
6768
8055
6735
6816
9577
7426
7034
8783
6609
6683
6609
6616
7512
8342
8567
6461
7547
7046
7026
6351
6779
6997
7480
6374
6595
6828
7387
8427
7336
7389
8679
8928
7276
6737
6899
6510
9492
6447
7268
6755
8600
9461
7548
6621
7532
7549
6695
9182
7121
6399
7479
7002
6348
6399
8823
8961
7911
9323
8261
7717
8724
8971
6637
7481
6347
6437
8888
8951
7401
6978
7004
7713
6606
6689
7209
7445
7378
6874
7425
7526
9165
8944
7469
8237
7367
8396
7045
7151
9414
7049
6445
7516
9220
7030
7585
7582
8048
8113
8778
7049
8369
7315
7457
7494
7591
7603
7727
6787
7541
7586
6895
6822
6911
6781
7264
7931
6889
7398
7654
8966
6544
8033
7077
7574
7571
8054
7064
6956
7527
7881
6456
6873
6822
6939
6664
6914
6670
6916
6678
6920
8434
6740
7093
7642
8811
9687
7242
6663
6936
9518
6731
7152
7575
7612
6546
6452
6700
6944
7271
7969
6557
7536
6466
6556
9371
8150
7412
6453
6466
6447
6453
7300
7673
6592
9395
9447
8041
7037
8044
8799
8733
8790
8207
8531
7151
7191
6906
7166
7382
7808
8264
6437
6533
8487
8449
9302
8589
8149
8620
9536
9193
7334
7709
8299
7844
8721
8283
8327
6496
9554
8515
7555
8368
7907
8404
6982
7428
8980
8179
6643
8091
9573
7822
8385
7252
7636
7707
7429
7116
9251
9424
7508
7491
7573
7422
9566
8126
8260
8581
9624
8257
8813
8684
6728
8834
7615
7685
7617
8326
7722
7483
8202
9217
7681
7863
6763
6874
7346
7501
8969
6493
7423
7701
6735
6877
8896
7253
9233
7021
7192
7174
7187
7749
9600
8828
6865
7318
7703
6947
9469
8032
8298
7049
9267
6552
6558
7660
8374
6979
6946
6973
6592
6621
6690
7078
7408
6698
6732
6557
6752
6787
7751
7813
7424
6914
7038
6916
7039
7740
6920
7044
7637
7652
7153
8297
9171
9743
7599
6763
6725
6936
7062
7413
7446
8032
6944
7065
7003
7927
7702
7771
7215
7720
6742
7451
9723
9073
7400
7670
8862
8332
9353
7777
7812
7658
7038
6939
7039
7044
6537
7153
7447
8266
6654
6544
6752
7576
8257
6548
6621
7657
7785
8248
9433
7077
6727
8254
6552
7498
7818
7154
7166
7062
7065
8675
8185
7570
7259
9019
9629
7588
7717
8365
7209
7732
7810
8542
7979
8255
6787
6838
6748
6739
8938
7640
7694
8278
8370
7688
9390
8816
7295
7648
6973
7125
7490
6994
7281
8516
6725
9045
7613
8216
8279
7487
7784
7431
9436
7730
6667
6793
9496
8276
9621
6732
6793
7303
7535
8477
6729
7724
6961
7509
6774
7686
9533
7294
7303
8930
7622
8787
8557
8750
8487
6729
7485
7257
9515
7838
7862
6636
6764
6907
7500
8502
7369
7695
9381
7904
7706
7746
7595
8330
6801
7609
8793
7871
8611
6716
7825
8639
7928
6977
6956
7493
6736
6747
7954
7580
7748
7774
7238
7243
6764
6802
7244
7304
8115
7757
8327
7304
7331
7343
7125
7449
7962
7011
7814
7908
7238
7244
9221
8436
7891
7368
6782
6844
8452
8479
6812
6986
6983
7030
7157
6720
6736
7602
7425
9134
7403
8762
8174
7061
7416
7676
8415
8604
6740
6842
7717
7770
7797
6756
6802
9398
6955
8143
8011
8472
7056
7463
6875
7384
7836
7758
8507
7874
7955
7243
8174
7314
8590
6724
7855
7348
7834
7719
7815
8080
8110
9522
8709
8768
7619
7412
7742
8095
6718
7279
7367
7747
7783
7910
7441
8166
7371
7358
9339
6842
6997
8750
6779
7007
7521
8837
6807
9262
7961
8336
8111
6940
7011
9451
7174
7404
7998
7231
6825
7050
8947
9534
7755
6743
6759
7778
6921
7446
7540
8225
7090
7018
7397
6740
7016
8322
9311
7831
7843
7799
6850
7264
7181
7448
6975
7901
7951
6987
7364
8513
8823
7851
7872
7941
8236
7881
8613
6782
9594
8901
9163
9373
6901
8223
8788
7762
8408
6770
6901
7802
7015
8801
7865
7905
7644
7781
8006
9251
7725
8437
7011
7020
7809
8495
8469
6879
6921
6874
8267
7403
8000
8363
7801
7833
7237
7461
7875
8206
7598
7495
7006
7402
7913
8357
9348
9586
6801
7020
8608
8635
6816
6877
9030
6794
9378
8979
6963
7151
7841
6982
7760
6958
8444
9412
6850
6859
7886
7083
9536
9348
8343
7892
9541
7086
7205
7166
7477
8786
8270
8040
8194
7394
8433
7205
7564
7880
8196
9281
8527
9100
8419
8007
8869
7125
7171
8038
9650
8664
7826
6929
7510
9477
6933
6840
7808
9025
6935
7083
7879
8393
6925
7680
8928
8361
7950
7976
7850
7868
7968
8043
8050
7091
7187
7345
9410
7983
8009
7115
7215
7942
7964
9057
7225
7348
8241
7687
7712
6925
9470
7315
9321
8904
7040
7858
7111
7120
7816
7119
7120
9254
7040
9509
9698
7119
7136
8534
8386
7386
8054
6960
9112
8100
8109
8313
8471
7589
8921
7517
8022
7385
7359
7944
7946
9145
7008
7739
9692
7982
8598
8223
7281
7331
7915
8419
8647
7260
7986
8711
7677
8893
6970
7014
7902
7934
8711
9728
7587
8508
7868
9645
7735
8705
8741
8124
8734
7257
7887
8345
8627
8438
8331
7307
9018
9388
7850
9482
7661
9060
8977
7897
8098
8025
8064
7314
7995
7348
9230
9134
8255
7977
8908
7031
9632
6929
8716
7164
7937
8198
7081
6987
7014
8345
6913
7873
9396
7500
8826
7483
7063
7058
8906
7067
7989
7171
7252
9016
7994
8039
9138
7053
7073
6928
7136
7143
8541
7394
8745
7279
7447
7476
8522
7655
7580
8892
8816
7197
8512
9044
7188
7938
8085
6954
7157
7882
7935
8178
7015
7073
7350
6964
7084
7839
6976
7521
7080
8926
7334
8447
8052
8063
7186
7283
7384
7925
7058
7077
8927
8543
8001
7059
7553
8383
6981
7164
7218
8260
8035
8448
6992
7203
8017
7052
7214
7957
8093
8030
8078
7991
8066
7745
8258
8394
8934
6993
7150
7849
8102
8199
7424
7583
7700
7167
7648
9442
8639
7909
7227
8614
8065
8189
7132
7313
9118
9596
8059
7043
7750
8667
9284
7978
7194
8473
7007
7252
7144
7218
7653
7590
9006
7823
8108
7193
8161
7194
7207
8391
7899
7878
7772
9083
7480
8750
7214
7476
8429
7139
7980
7461
8157
8659
7653
7139
7254
7992
7105
7528
7412
7824
7247
8292
9186
7054
8390
7066
8012
9101
7984
8220
9447
9713
8326
9029
7204
7353
8511
7784
7387
7425
8072
8116
8742
8867
7165
7133
7324
7163
7329
7254
8019
8067
7057
7250
8491
8687
7242
8303
7145
7197
9424
7402
7764
7528
7250
7287
8566
7210
8417
8133
9291
9681
8591
9546
7341
9526
7401
8552
7217
7338
9195
7285
8490
7075
7397
7079
7493
8803
7663
8112
7227
7661
8405
7912
9570
8175
7095
7521
7876
8135
8324
7113
8868
8941
8034
7189
7287
7416
7246
7116
7207
8082
8356
8606
7837
9016
7130
8996
7273
7280
7738
7528
8577
8075
8411
7587
7280
7286
8493
7725
8572
8644
7130
7340
8070
8839
7273
7611
8203
7167
7170
7583
9087
8673
8192
8211
7296
7525
9331
7296
7898
7553
7160
7311
7463
7263
7396
7683
7490
7794
8497
8171
8217
7217
7235
7832
9289
7286
7311
7258
8751
7203
9551
7338
7137
7446
9580
7832
7894
7247
7360
8197
7371
7429
8779
8150
7152
7391
7184
8914
7445
8156
8177
7319
8090
8697
9465
8161
9148
7458
9146
7356
7741
8166
7936
7396
8689
9051
7341
8545
7913
8841
9197
7926
8089
8128
8361
7531
9335
7190
7655
7431
8643
8703
8229
8432
8087
8184
9550
7726
7300
8797
7293
8481
7500
8807
8903
7788
9297
8209
7364
7765
7256
8073
7357
7257
8000
7583
8758
8278
9485
9669
9688
9160
9207
8081
8226
7219
8818
7275
7835
7490
8550
8976
9020
8201
8200
8204
8605
7277
8343
9208
8088
8049
8703
8074
9257
8230
7263
9354
7308
8333
7246
7492
7508
8007
9050
9567
7787
8328
7842
8748
9327
7508
9405
7648
9535
7778
8784
7282
7452
8162
7457
7491
8181
8251
9514
8952
9267
7467
9050
9315
8430
8626
8863
9032
7553
8640
7452
8671
8882
7595
7870
7295
7547
7292
7293
7580
7893
8209
7631
8222
8151
7474
8187
7677
8376
7324
8347
7912
7949
7611
8117
8097
8851
8454
9324
7551
7575
8386
9280
7383
7469
7959
8588
7332
8148
7318
8264
8849
8952
7433
7484
7726
7367
7447
7576
7599
7515
8465
8317
9442
8077
8355
9314
7360
7453
7780
8539
8728
7445
7323
9568
8036
7456
7488
8282
8372
7644
7330
8402
9663
7924
7640
8024
9130
9525
9225
8477
9035
7762
7504
7732
7870
8228
7582
7658
8073
8157
7400
7573
7949
9575
7530
7660
7716
8461
7418
7540
8188
9197
9709
8850
9490
7498
7548
7453
8231
8154
7628
7676
8749
7494
7622
7887
7613
8645
7967
8799
9173
7719
8169
8925
7912
9255
7775
7832
9576
8487
8335
9326
8862
8501
7681
7702
8076
8458
9540
9411
7484
8232
9642
7399
9025
7884
7585
7654
9322
7571
9605
9007
8183
9122
7486
7514
7924
7419
7788
7517
7747
7781
7865
9089
7663
8558
7646
8220
7612
7694
8822
7637
7870
8729
8939
8786
8219
8648
7495
8865
7760
9585
7495
7485
7563
9369
7823
8053
7884
8103
8872
9037
7898
8225
7925
8300
9074
9230
8580
8210
7451
8584
9613
8470
9714
7838
7994
7776
9185
7771
7905
7688
7799
8478
7499
7745
8829
7479
7555
8068
7673
8183
8533
7830
7602
8291
7512
8379
8648
9107
7695
7755
8316
9167
9589
7757
7801
8630
7878
8240
9142
8820
8756
7539
9641
8198
8578
7899
7487
7613
7810
7862
8860
7505
7668
8629
8618
7630
8514
9452
9392
8539
7686
8286
8206
8302
9361
7532
7813
7505
7691
8505
7809
8153
9652
8355
7554
9453
7751
7871
7591
8600
8764
7911
9115
7783
7833
7818
8453
7650
8451
7706
7784
9423
7879
8024
9454
7581
7662
7704
9527
9532
8983
9646
8951
7913
8232
7559
8620
7979
8210
9075
7736
7644
7659
7765
7944
7652
8132
8037
8103
8579
9493
7615
7619
9588
9288
7746
7758
7904
9192
8899
8164
9445
8708
9346
7574
7704
8676
9383
7946
8290
7691
8276
8967
9119
8406
8464
7748
7815
7720
7874
8379
9137
7687
7893
7977
8919
8885
9625
7907
7961
7742
7774
7868
8027
8144
9204
7687
8873
7712
7880
8337
7605
9264
7989
8158
9063
8471
8658
7750
8030
9468
8649
7764
7808
7992
7642
7722
8988
7928
8006
8094
8967
7619
8027
8009
8039
7945
9654
7788
7984
9640
7692
7775
7753
8891
9451
7987
9667
8832
7625
7951
7846
8367
9528
7696
8953
7725
9119
7849
8435
8012
8281
8376
9423
8089
8426
8412
9234
8494
9558
7842
8034
9128
8213
9080
8492
8687
8480
8986
9675
7657
7770
8568
8871
7901
8158
7668
7938
8058
8795
8929
9521
7690
8713
8038
8631
7685
7843
7991
8176
8090
8260
8013
8262
9517
7741
8043
8033
7998
8064
7978
9229
8164
8876
7888
8325
7955
8063
7703
9569
8081
8308
9609
9108
8399
8414
7863
8483
8052
8059
8838
8490
7949
8075
7787
7952
8819
7910
7950
7899
9638
8159
8657
7791
7831
7881
8072
8102
8401
7933
7797
7851
7872
7942
9318
9215
7785
9039
7731
7970
8015
8160
7897
8263
8078
8082
7844
8329
7909
7835
8093
8001
8153
9016
8250
8617
9566
8923
7839
7745
7825
7976
9660
9634
8082
9562
8649
8404
9540
8007
7983
7986
9283
9598
9649
8596
9652
9392
8387
7794
8085
7956
8113
8050
8100
8092
8257
9613
8738
8229
8169
8921
8846
9617
9572
9060
9254
8191
7850
7935
7887
8673
7875
8856
9127
7964
8006
9543
8578
8710
8884
9637
7882
8176
8194
8112
8128
8070
8233
8040
8124
7845
8068
9090
7990
8467
7882
9268
9679
8666
8019
9299
7968
7982
8315
7926
8440
9172
7990
7959
8156
8561
8035
8148
9205
9299
8230
8046
9587
8741
9655
7891
8109
8211
8067
9296
8900
9434
7848
8664
9403
7926
9446
8036
8684
8175
8192
9226
9397
7890
9671
8761
9496
7914
9299
7891
8357
9190
8499
8879
9041
9657
8262
8459
8065
8746
8133
8564
7937
9252
9665
8456
9375
9404
8820
8626
8177
8204
8116
8181
8022
9250
8642
7954
7978
8233
8845
8032
8254
8017
8066
8793
8200
8222
8527
9049
9557
8529
8674
8712
7992
9627
8726
8232
9095
9637
8059
7922
9272
7920
9274
7923
9273
7921
9275
9154
9156
9155
8118
8154
8615
8395
8973
8832
8820
7981
9102
9351
9394
8067
9305
9000
9275
9394
8122
8068
9559
8247
9371
8123
8927
8569
9316
8329
9613
8003
8132
7969
8509
9411
9669
8089
8171
8230
9474
8589
8731
8058
8345
8795
8441
9011
8551
8757
8135
8150
8184
8308
8437
9349
8760
8540
8022
8053
8613
9521
8821
8139
8871
9248
9509
9545
8090
8854
8029
8094
9133
8696
9653
8244
8338
8173
9620
9143
8907
9706
8874
8273
9499
8323
8519
8441
9133
9552
9298
8776
8824
8304
8789
9158
8307
8468
9708
8513
9368
9269
9159
8804
8957
8561
9602
8552
9097
8231
9327
9629
8155
8259
9636
9076
8108
8735
8910
9733
8378
8756
8455
9651
8242
9370
8289
8906
9263
8508
8727
9283
9637
8728
8747
8905
8203
8217
8450
8563
9357
8209
8251
8187
9237
9090
9511
9287
9123
8738
8633
8861
9471
8572
9594
8660
8732
8947
8773
9673
8642
8699
8806
8162
8239
9160
9338
8444
8800
9059
8201
8226
9635
8179
8282
8896
9094
9212
8128
9523
8805
8954
8296
8688
8825
8166
8229
8145
8458
8413
8147
8947
9678
8197
8290
8446
9001
9175
8573
9188
8298
8425
8634
8672
8772
9682
8933
8301
8439
8788
8651
9704
9212
9472
9512
8595
9514
9712
8633
8970
8944
9363
8498
9336
8904
8942
8395
8612
8693
8861
9066
8543
8473
8378
8915
8343
8873
9014
8602
9144
8906
9148
9746
9069
8767
9393
8366
8303
9700
8203
9472
9460
9579
8198
8252
8406
8243
9628
8785
9073
9315
8449
8401
9650
8360
8385
9581
9291
9681
8323
9458
8716
8725
9336
8830
8453
9408
8306
9054
9449
9085
9186
8250
8940
8252
8235
9706
8366
9683
8261
8572
8673
9240
9413
8758
8559
9454
8781
8523
8593
9337
9355
8755
9475
8686
8598
9460
8744
9006
8692
9498
9137
9421
9573
9740
8939
9210
9627
8835
8469
8474
9676
8670
9643
9405
8800
8387
9158
8333
9678
8555
9483
8473
8766
9113
9175
9629
9421
8562
8859
8864
8392
8782
8806
9033
9012
9041
9639
9057
8834
8296
9463
8841
9451
9416
8586
9398
9607
9682
8949
9742
8528
9043
8835
8781
8504
8627
9038
8879
9619
9121
8774
9580
8846
9648
8556
8704
9747
9711
8372
8406
8999
9187
9478
8984
9447
9303
9556
9731
8424
9003
9313
8637
8431
8373
8980
8712
8974
8740
8522
9093
8801
8497
8352
8736
9426
9104
8517
9463
8484
9086
9307
8942
9104
8908
8697
8770
8962
8597
9433
8836
9705
8976
9615
8917
9197
9294
9656
8987
9165
8431
9341
8912
9537
8397
9127
9034
9194
8953
8727
9279
9391
9683
8679
9055
9720
8671
9371
8574
9485
8663
8868
8529
8722
9735
8440
8769
8502
8802
9683
8566
8577
8648
8746
9285
8769
8863
8679
9034
8726
8434
8631
8836
8404
9625
8660
8954
8629
9430
8464
8809
9491
8501
8594
9121
8621
8895
9668
8504
9231
9630
8993
8591
8640
9741
8733
8433
8463
9352
9382
9096
8778
9593
8969
9131
8509
8702
9098
8893
8440
9666
8521
8532
8888
9674
8605
9410
9312
9670
9556
9010
9023
8583
9329
9053
9339
9219
9114
9216
9476
8680
9339
8498
8788
9361
9470
8862
9000
9539
9282
8650
9241
8968
8759
8721
8814
9073
8937
8550
9238
9565
9564
9504
8909
9658
8591
9116
9040
9316
8486
8588
9688
9709
8579
8853
8719
9419
9259
9343
9468
9325
9079
9549
9182
9159
8615
9158
9319
9516
9257
8630
8877
8566
9084
9065
9191
9615
8880
8668
9185
9043
9297
9435
8956
9548
9168
8662
8986
9721
9381
8721
9170
8890
9432
9004
9704
9514
9075
9310
9519
9219
8592
9249
8897
9671
8565
8645
8718
9311
8966
9133
9232
9322
8550
8768
9344
9028
8887
8935
8593
9623
9571
9031
8812
8864
8557
9505
9131
8596
8767
9230
9331
8933
9681
8725
9110
9225
8833
9061
9390
8763
8773
8698
8807
9132
9302
8737
9227
9068
9416
9247
8803
8629
8612
8945
8885
8992
9403
9404
9558
9198
9547
8920
8962
8682
9530
9373
9429
9554
9420
9233
9449
8692
9355
8677
8935
9270
9546
8798
9633
9209
8880
8950
9500
9044
9076
9347
9599
8656
9169
9342
8961
9350
9260
9700
9736
9563
8645
8700
9179
9700
9427
8878
8839
8875
8991
9721
8905
8736
8657
9190
8667
9680
8773
8975
8988
9013
9120
8794
8983
9594
9003
9262
8685
8883
8881
8910
9662
9515
9125
9306
9302
8791
9486
8866
9366
9083
8734
8726
9092
9266
9254
9718
9010
9255
9140
9309
9111
9693
9139
9164
9478
8877
9604
8887
9555
8706
9559
8941
8936
9284
8990
8705
8979
9715
9571
9007
9582
9153
8833
9309
8878
9265
8853
9236
9330
9611
9213
9667
9350
8886
9449
9530
8881
8905
8903
9467
9517
8808
8956
9428
9095
8940
8815
9684
8759
9508
9320
8872
9432
9648
9017
9342
8842
9577
9021
9484
9715
9277
9720
9338
9487
9672
8895
9192
9245
9489
9696
9550
9458
9526
8771
9086
8801
9353
9148
9378
9507
8830
8919
9189
8965
8875
9575
9599
8911
9641
9567
8907
9722
9692
9009
9042
9328
9337
9465
9008
9687
9113
9707
8848
9011
9534
9036
9624
8926
9167
9187
9541
8967
9141
9239
9125
9536
9379
8859
9083
9218
9328
9107
9117
9241
9352
9407
9602
9389
8847
9364
8945
9046
9110
8914
9163
8881
8981
9413
9288
8934
9258
8926
8955
9481
9277
9696
9029
9092
8873
8892
9140
8874
9160
8875
9054
9360
9516
8998
9267
9616
9166
9710
9528
9147
9223
9724
8982
9280
9548
9457
9573
9508
8891
8958
9387
9738
9081
9377
9584
9050
9090
9716
8916
9585
8927
9580
9376
8918
9082
9648
8964
9027
9231
9744
9332
9547
8959
9523
9109
9535
9115
9454
9488
9544
9621
9385
9672
9104
9135
9711
9294
9340
9730
9582
9122
9426
8957
9686
9044
9077
9477
9082
9356
9215
9386
9261
9140
9176
8976
8949
9214
9534
9149
9058
9062
8994
9128
9489
9490
9059
9388
9306
9532
9740
9042
9651
9052
9361
9718
9488
9656
9126
9713
9164
9093
9714
9318
9101
9512
9713
9455
9732
9218
9183
9320
9037
9729
9017
9040
9002
9043
9422
9157
9304
9295
9504
9238
9268
9627
9642
9366
9395
9384
9513
9276
9027
9181
9663
9059
9113
9739
9630
9673
9185
9134
9719
9708
9278
9144
9546
9085
9222
9199
9749
9052
9727
9575
9066
9374
9592
9660
9301
9646
9265
9631
9391
9204
9070
9217
9597
9172
9523
9532
9084
9346
9079
9640
9171
9659
9331
9077
9450
9448
9220
9257
9611
9369
9304
9313
9736
9365
9632
9382
9472
9262
9227
9719
9655
9631
9712
9118
9199
9735
9499
9370
9321
9120
9604
9145
9146
9551
9425
9383
9292
9589
9203
9739
9606
9723
9595
9483
9289
9670
9214
9474
9293
9322
9425
9328
9363
9538
9435
9177
9697
9300
9553
9704
9491
9440
9443
9444
9456
9731
9280
9180
9442
9725
9200
9458
9496
9655
9701
9542
9347
9362
9202
9191
9598
9736
9473
9235
9307
9369
9293
9616
9668
9745
9528
9323
9436
9363
9228
9256
9242
9286
9226
9415
9305
9224
9489
9364
9445
9632
9266
9238
9409
9698
9674
9402
9399
9359
9345
9518
9538
9404
9434
9321
9240
9500
9584
9542
9354
9256
9699
9635
9510
9367
9478
9297
9305
9418
9500
9726
9364
9728
9423
9452
9263
9296
9665
9495
9406
9664
9276
9264
9326
9516
9701
9715
9445
9393
9588
9645
9349
9619
9444
9443
9440
9279
9330
9676
9441
9590
9439
9586
9626
9667
9674
9542
9709
9733
9743
9502
9658
9529
9732
9737
9362
9453
9506
9722
9471
9622
9539
9372
9611
9377
9610
9400
9419
9453
9459
9521
9509
9691
9433
9377
9416
9741
9604
9725
9485
9702
9461
9439
9482
9498
9359
9436
9502
9492
9413
9623
9431
9493
9578
9430
9612
9414
9576
9679
9618
9738
9565
9560
9606
9415
9517
9569
9544
9711
9448
9512
9417
9745
9658
9510
9462
9610
9561
9574
9734
9723
9661
9493
9462
9639
9644
9737
9556
9740
9506
9537
9551
9468
9520
9636
9562
9634
9568
9569
9520
9746
9591
9614
9564
9605
9501
9617
9570
9612
9641
9672
9553
9557
9588
9646
9685
9628
9652
9511
9695
9684
9665
9595
9701
9570
9666
9583
9650
9644
9600
9565
9699
9620
9609
9640
9680
9718
9601
9730
9661
9566
9689
9589
9626
9591
9619
9687
9653
9685
9666
9703
9649
9638
9633
9727
9694
9639
9693
9716
9676
9690
9712
9625
9654
9663
9661
9737
9630
9649
9671
9675
9729
9682
9692
9730
9679
9689
9743
9694
9733
9717
9705
9677
9721
9717
9710
9698
9696
9702
9745
9714
9717
9722
9724
9741
9735
9744
9747
)


// ************************************************************************* //
